Выборы Президента Российской Федерации																																																																	
Дата голосования: 02.03.2008																																																																	
																																																																	
Наименование Избирательной комиссии:    Назаровская																																																																	
																																																																	
Сводная таблица результатов выборов																																																																	
																																																																	
	Число участковых избирательных комиссий	58																																																															
	"Число участковых избирательных комиссий, приступивших к передаче сведений"	58																																																															
																																																																	
		Сумма	УИК №1644	УИК №1645	УИК №1646	УИК №1647	УИК №1648	УИК №1649	УИК №1650	УИК №1651	УИК №1652	УИК №1653	УИК №1654	УИК №1655	УИК №1656	УИК №1657	УИК №1658	УИК №1659	УИК №1660	УИК №1661	УИК №1662	УИК №1663	УИК №1664	УИК №1665	УИК №1666	УИК №1667	УИК №1668	УИК №1669	УИК №1670	УИК №1671	УИК №1672	УИК №1673	УИК №1674	УИК №1675	УИК №1676	УИК №1677	УИК №1678	УИК №1679	УИК №1680	УИК №1681	УИК №1682	УИК №1683	УИК №1684	УИК №1685	УИК №1686	УИК №1687	УИК №1688	УИК №1689	УИК №1690	УИК №1691	УИК №1692	УИК №1693	УИК №1694	УИК №1695	УИК №1696	УИК №1697	УИК №1698	УИК №1699	УИК №1700	УИК №1701					
1	"Число избирателей, включенных в списки избирателей"	17075	217	314	215	143	590	306	304	165	113	70	193	106	101	663	517	224	108	1161	194	376	147	132	1044	215	91	77	177	113	45	166	183	749	116	107	109	135	691	70	120	169	1376	325	188	833	148	99	80	1258	192	165	239	299	179	193	263	150	247	105					
2	"Число избирательных бюллетеней, полученных участковыми избирательными комиссиями"	16286	200	300	200	140	550	300	300	160	110	70	190	100	99	600	500	200	105	1100	180	370	145	128	1000	200	88	78	170	110	42	160	170	750	100	100	105	130	680	63	110	160	1300	300	180	800	140	97	78	1200	180	160	240	290	170	180	260	150	200	98					
3	"Число избирательных бюллетеней, выданных избирателям, проголосовавшим досрочно"	0	0	0	0	0	0	0	0	0	0	0	0	0	0	0	0	0	0	0	0	0	0	0	0	0	0	0	0	0	0	0	0	0	0	0	0	0	0	0	0	0	0	0	0	0	0	0	0	0	0	0	0	0	0	0	0	0	0	0					
4	"Число избирательных бюллетеней, выданных в помещениях для голосования в день голосования"	10304	119	195	150	95	330	175	210	113	59	38	112	76	68	401	223	101	73	633	112	200	96	82	655	126	78	65	143	91	37	116	128	391	82	91	81	114	396	53	93	105	788	211	119	414	73	64	60	665	119	127	141	220	109	126	185	113	171	93					
5	"Число избирательных бюллетеней, выданных вне помещений для голосования в день голосования"	832	32	15	31	20	14	15	13	10	6	0	10	0	2	30	36	16	7	42	19	14	9	12	25	19	2	3	9	10	3	24	9	21	6	5	6	10	29	0	0	15	37	20	11	85	18	6	0	47	1	2	18	0	10	11	8	0	9	0					
6	Число погашенных избирательных бюллетеней	5150	49	90	19	25	206	110	77	37	45	32	68	24	29	169	241	83	25	425	49	156	40	34	320	55	8	10	18	9	2	20	33	338	12	4	18	6	255	10	17	40	475	69	50	301	49	27	18	488	60	31	81	70	51	43	67	37	20	5					
7	Число избирательных бюллетеней в переносных ящиках для голосования	832	32	15	31	20	14	15	13	10	6	0	10	0	2	30	36	16	7	42	19	14	9	12	25	19	2	3	9	10	3	24	9	21	6	5	6	10	29	0	0	15	37	20	11	85	18	6	0	47	1	2	18	0	10	11	8	0	9	0					
8	Число бюллетеней в стационарных ящиках для голосования	10303	119	195	150	95	330	175	210	113	59	38	112	76	67	401	223	101	73	633	112	200	96	82	655	126	78	65	143	91	37	116	128	391	82	91	81	114	396	53	93	105	788	211	119	414	73	64	60	665	119	127	141	220	109	126	185	113	171	93					
9	Число недействительных избирательных бюллетеней	97	0	1	1	0	5	0	2	3	1	0	0	0	0	1	1	0	0	9	0	3	1	2	3	3	0	1	1	1	0	2	0	4	0	0	1	0	0	0	0	0	13	2	0	5	2	0	4	8	0	0	1	3	7	1	4	1	0	0					
10	Число действительных избирательных бюллетеней	11038	151	209	180	115	339	190	221	120	64	38	122	76	69	430	258	117	80	666	131	211	104	92	677	142	80	67	151	100	40	138	137	408	88	96	86	124	425	53	93	120	812	229	130	494	89	70	56	704	120	129	158	217	112	136	189	112	180	93					
11	Число полученных открепительных  удостоверений	238	2	3	6	2	6	4	4	2	2	2	3	2	2	6	6	4	2	15	3	6	3	2	15	2	2	5	6	2	3	4	4	8	4	2	2	3	9	1	3	3	23	2	2	6	3	2	1	10	2	2	3	3	2	2	5	2	2	1					
12	"Число открепительных удостоверений, выданных избирателям на избирательных участках"	121	0	0	5	1	5	0	0	1	1	0	0	0	0	5	3	1	1	12	1	3	2	2	15	0	1	4	6	1	3	4	0	4	2	0	0	0	8	0	0	0	11	1	0	2	0	0	0	8	0	0	2	0	0	0	5	0	1	0					
13	"Число избирателей, проголосовавших по открепительным удостоверениям"	141	2	1	3	0	4	0	1	2	2	2	0	1	1	3	2	1	4	10	3	6	2	3	5	7	3	2	2	1	3	1	1	3	1	0	2	2	4	1	3	3	7	3	3	2	5	1	1	5	3	1	1	2	1	4	1	1	2	1					
14	Число неиспользованных открепительных удостоверений	117	2	3	1	1	1	4	4	1	1	2	3	2	2	1	3	3	1	3	2	3	1	0	0	2	1	1	0	1	0	0	4	4	2	2	2	3	1	1	3	3	12	1	2	4	3	2	1	2	2	2	1	3	2	2	0	2	1	1					
15	"Число открепительных удостоверений, выданных избирателям ТИК"	4	0	1	0	0	0	0	0	0	0	0	0	0	0	0	0	0	0	0	0	0	0	0	0	0	0	0	0	0	0	0	0	0	0	1	0	0	1	0	0	0	1	0	0	0	0	0	0	0	0	0	0	0	0	0	0	0	0	0					
16	Число утраченных избирательных бюллетеней	0	0	0	0	0	0	0	0	0	0	0	0	0	0	0	0	0	0	0	0	0	0	0	0	0	0	0	0	0	0	0	0	0	0	0	0	0	0	0	0	0	0	0	0	0	0	0	0	0	0	0	0	0	0	0	0	0	0	0					
17	"Число избирательных бюллетеней, не учтенных при получении"	0	0	0	0	0	0	0	0	0	0	0	0	0	0	0	0	0	0	0	0	0	0	0	0	0	0	0	0	0	0	0	0	0	0	0	0	0	0	0	0	0	0	0	0	0	0	0	0	0	0	0	0	0	0	0	0	0	0	0					
17а	Число утраченных открепительных удостоверений	0	0	0	0	0	0	0	0	0	0	0	0	0	0	0	0	0	0	0	0	0	0	0	0	0	0	0	0	0	0	0	0	0	0	0	0	0	0	0	0	0	0	0	0	0	0	0	0	0	0	0	0	0	0	0	0	0	0	0					
17б	"Число открепительных удостоверений, не учтенных при получении"	0	0	0	0	0	0	0	0	0	0	0	0	0	0	0	0	0	0	0	0	0	0	0	0	0	0	0	0	0	0	0	0	0	0	0	0	0	0	0	0	0	0	0	0	0	0	0	0	0	0	0	0	0	0	0	0	0	0	0					
"Число голосов избирателей, поданных за каждый список"																																																																	
18	Богданов Андрей Владимирович	98	1	1	0	0	3	2	1	1	0	0	0	0	0	5	1	2	1	7	0	4	0	0	9	1	1	1	0	1	1	2	3	3	2	0	0	1	1	0	1	2	10	4	0	5	0	0	0	9	4	0	0	2	1	2	2	1	0	0					
		0.88%	0.66%	0.48%	0.00%	0.00%	0.87%	1.05%	0.45%	0.81%	0.00%	0.00%	0.00%	0.00%	0.00%	1.16%	0.39%	1.71%	1.25%	1.04%	0.00%	1.87%	0.00%	0.00%	1.32%	0.69%	1.25%	1.47%	0.00%	0.99%	2.50%	1.43%	2.19%	0.73%	2.27%	0.00%	0.00%	0.81%	0.24%	0.00%	1.08%	1.67%	1.21%	1.73%	0.00%	1.00%	0.00%	0.00%	0.00%	1.26%	3.33%	0.00%	0.00%	0.91%	0.84%	1.46%	1.04%	0.88%	0.00%	0.00%					
19	Жириновский Владимир Вольфович	1668	14	31	22	12	61	48	20	10	6	8	21	13	6	61	41	17	13	101	16	31	23	16	95	19	18	19	18	22	8	22	19	67	3	8	18	35	44	9	13	13	123	37	27	82	16	12	1	135	19	23	18	23	22	17	19	16	25	12					
		14.98%	9.27%	14.76%	12.15%	10.43%	17.73%	25.26%	8.97%	8.13%	9.23%	21.05%	17.21%	17.11%	8.70%	14.15%	15.83%	14.53%	16.25%	14.96%	12.21%	14.49%	21.90%	17.02%	13.97%	13.10%	22.50%	27.94%	11.84%	21.78%	20.00%	15.71%	13.87%	16.26%	3.41%	8.33%	20.69%	28.23%	10.35%	16.98%	13.98%	10.83%	14.91%	16.02%	20.77%	16.43%	17.58%	17.14%	1.67%	18.96%	15.83%	17.83%	11.32%	10.45%	18.49%	12.41%	9.84%	14.16%	13.89%	12.90%					
20	Зюганов Геннадий Андреевич	2097	36	38	25	10	91	40	19	6	12	6	28	15	12	62	60	29	11	141	11	27	6	23	152	23	13	8	38	22	7	17	25	78	7	10	21	12	71	5	13	32	283	41	39	176	21	14	13	102	8	27	18	27	9	12	12	6	21	6					
		18.83%	23.84%	18.10%	13.81%	8.70%	26.45%	21.05%	8.52%	4.88%	18.46%	15.79%	22.95%	19.74%	17.39%	14.39%	23.17%	24.79%	13.75%	20.89%	8.40%	12.62%	5.71%	24.47%	22.35%	15.86%	16.25%	11.76%	25.00%	21.78%	17.50%	12.14%	18.25%	18.93%	7.95%	10.42%	24.14%	9.68%	16.71%	9.43%	13.98%	26.67%	34.30%	17.75%	30.00%	35.27%	23.08%	20.00%	21.67%	14.33%	6.67%	20.93%	11.32%	12.27%	7.56%	8.76%	6.22%	5.31%	11.67%	6.45%					
21	Медведев Дмитрий Анатольевич	7175	100	139	133	93	184	100	181	103	46	24	73	48	51	302	156	69	55	417	104	149	75	53	421	99	48	39	95	55	24	97	90	260	76	78	47	76	309	39	66	73	396	147	64	231	52	44	42	458	89	79	122	165	80	105	156	89	134	75					
		64.44%	66.23%	66.19%	73.48%	80.87%	53.49%	52.63%	81.17%	83.74%	70.77%	63.16%	59.84%	63.16%	73.91%	70.07%	60.23%	58.97%	68.75%	61.78%	79.39%	69.63%	71.43%	56.38%	61.91%	68.28%	60.00%	57.35%	62.50%	54.46%	60.00%	69.29%	65.69%	63.11%	86.36%	81.25%	54.02%	61.29%	72.71%	73.58%	70.97%	60.83%	48.00%	63.64%	49.23%	46.29%	57.14%	62.86%	70.00%	64.33%	74.17%	61.24%	76.73%	75.00%	67.23%	76.64%	80.83%	78.76%	74.44%	80.65%					
																																																																	
																																																																	
																																																																	
																																																																	
																																																																	
																																																																	
																																																																	
																																																																	
																																																																	
																																																																	
																																																																	
																																																																	
																																																																	
																																																																	
																																																																	
																																																																	
																																																																	
																																																																	
