Выборы Президента Российской Федерации																																																										
Дата голосования: 02.03.2008																																																										
																																																										
Наименование Избирательной комиссии:    Угличская																																																										
																																																										
Сводная таблица результатов выборов																																																										
																																																										
	Число участковых избирательных комиссий	51																																																								
	"Число участковых избирательных комиссий, приступивших к передаче сведений"	51																																																								
																																																										
		Сумма	УИК №833	УИК №834	УИК №835	УИК №836	УИК №837	УИК №838	УИК №839	УИК №840	УИК №841	УИК №842	УИК №843	УИК №844	УИК №845	УИК №846	УИК №847	УИК №848	УИК №849	УИК №850	УИК №851	УИК №852	УИК №853	УИК №854	УИК №855	УИК №856	УИК №857	УИК №858	УИК №859	УИК №860	УИК №861	УИК №862	УИК №863	УИК №864	УИК №865	УИК №866	УИК №867	УИК №868	УИК №869	УИК №870	УИК №871	УИК №872	УИК №873	УИК №874	УИК №875	УИК №876	УИК №877	УИК №878	УИК №879	УИК №880	УИК №881	УИК №882	УИК №883					
1	"Число избирателей, включенных в списки избирателей"	40610	2291	2088	2049	2062	2226	2294	2187	2156	2037	2008	1769	2236	1583	527	1002	614	156	406	271	984	333	157	273	576	194	585	446	251	203	611	547	285	372	134	424	108	335	99	192	195	131	222	97	236	236	252	110	162	490	526	882					
2	"Число избирательных бюллетеней, полученных участковыми избирательными комиссиями"	38865	2100	2000	2000	2000	2000	2000	2000	2000	2000	2000	1500	2000	1500	500	1000	600	145	400	260	950	350	160	270	540	250	580	460	270	200	630	550	280	380	140	460	110	340	100	200	200	130	220	110	240	230	250	110	160	500	550	940					
3	"Число избирательных бюллетеней, выданных избирателям, проголосовавшим досрочно"	0	0	0	0	0	0	0	0	0	0	0	0	0	0	0	0	0	0	0	0	0	0	0	0	0	0	0	0	0	0	0	0	0	0	0	0	0	0	0	0	0	0	0	0	0	0	0	0	0	0	0	0					
4	"Число избирательных бюллетеней, выданных в помещениях для голосования в день голосования"	21211	1246	1173	1197	1128	1238	1384	1165	981	1048	1158	975	1171	917	221	504	256	70	251	143	334	167	70	125	304	105	212	220	96	104	381	267	173	138	47	204	43	149	48	116	90	55	105	70	145	117	122	67	99	223	141	448					
5	"Число избирательных бюллетеней, выданных вне помещений для голосования в день голосования"	3644	79	47	47	76	61	32	43	97	43	49	62	58	38	32	68	146	30	22	52	345	62	42	86	57	67	194	146	65	30	67	69	20	143	56	136	29	120	30	42	56	49	69	27	27	39	56	13	26	187	170	37					
6	Число погашенных избирательных бюллетеней	14010	775	780	756	796	701	584	792	922	909	793	463	771	545	247	428	198	45	127	65	271	121	48	59	179	78	174	94	109	66	182	214	87	99	37	120	38	71	22	42	54	26	46	13	68	74	72	30	35	90	239	455					
7	Число избирательных бюллетеней в переносных ящиках для голосования	3644	79	47	47	76	61	32	43	97	43	49	62	58	38	32	68	146	30	22	52	345	62	42	86	57	67	194	146	65	30	67	69	20	143	56	136	29	120	30	42	56	49	69	27	27	39	56	13	26	187	170	37					
8	Число бюллетеней в стационарных ящиках для голосования	21201	1246	1173	1196	1128	1238	1384	1158	981	1047	1158	975	1171	917	221	504	256	70	251	143	334	167	70	125	304	105	212	220	96	104	381	267	173	138	47	204	43	149	47	116	90	55	105	70	145	117	122	67	99	223	141	448					
9	Число недействительных избирательных бюллетеней	297	17	15	19	0	19	18	11	10	20	16	13	19	17	6	9	12	0	3	3	13	4	0	0	2	3	2	4	5	0	3	2	4	4	0	4	0	0	0	2	0	0	5	0	3	1	1	0	0	2	3	3					
10	Число действительных избирательных бюллетеней	24548	1308	1205	1224	1204	1280	1398	1190	1068	1070	1191	1024	1210	938	247	563	390	100	270	192	666	225	112	211	359	169	404	362	156	134	445	334	189	277	103	336	72	269	77	156	146	104	169	97	169	155	177	80	125	408	308	482					
11	Число полученных открепительных  удостоверений	550	33	30	30	30	30	30	30	25	30	18	15	10	9	6	5	10	5	4	5	9	10	5	8	9	0	5	8	5	4	10	9	5	7	4	8	3	6	3	4	4	3	4	3	9	4	5	4	4	8	9	16					
12	"Число открепительных удостоверений, выданных избирателям на избирательных участках"	275	8	17	8	16	20	8	17	10	28	15	11	8	6	2	3	0	0	1	2	2	10	0	0	1	0	5	5	1	2	1	9	0	7	4	5	0	2	2	0	1	1	0	0	9	1	2	0	1	4	4	16					
13	"Число избирателей, проголосовавших по открепительным удостоверениям"	241	9	8	6	4	3	11	14	12	10	8	2	5	6	2	6	4	4	1	2	4	0	6	6	4	5	6	9	4	8	7	3	2	1	6	4	3	4	1	3	2	0	6	2	1	1	7	3	4	6	1	5					
14	Число неиспользованных открепительных удостоверений	275	25	13	22	14	10	22	13	15	2	3	4	2	3	4	2	10	5	3	3	7	0	5	8	8	0	0	3	4	2	9	0	5	0	0	3	3	4	1	4	3	2	4	3	0	3	3	4	3	4	5	0					
15	"Число открепительных удостоверений, выданных избирателям ТИК"	21	2	0	2	1	0	1	1	1	0	0	0	1	0	1	1	0	1	1	0	1	0	0	0	1	0	1	1	0	1	0	0	0	0	1	0	0	0	0	0	0	0	1	0	0	0	0	0	0	0	0	1					
16	Число утраченных избирательных бюллетеней	0	0	0	0	0	0	0	0	0	0	0	0	0	0	0	0	0	0	0	0	0	0	0	0	0	0	0	0	0	0	0	0	0	0	0	0	0	0	0	0	0	0	0	0	0	0	0	0	0	0	0	0					
17	"Число избирательных бюллетеней, не учтенных при получении"	0	0	0	0	0	0	0	0	0	0	0	0	0	0	0	0	0	0	0	0	0	0	0	0	0	0	0	0	0	0	0	0	0	0	0	0	0	0	0	0	0	0	0	0	0	0	0	0	0	0	0	0					
17а	Число утраченных открепительных удостоверений	0	0	0	0	0	0	0	0	0	0	0	0	0	0	0	0	0	0	0	0	0	0	0	0	0	0	0	0	0	0	0	0	0	0	0	0	0	0	0	0	0	0	0	0	0	0	0	0	0	0	0	0					
17б	"Число открепительных удостоверений, не учтенных при получении"	0	0	0	0	0	0	0	0	0	0	0	0	0	0	0	0	0	0	0	0	0	0	0	0	0	0	0	0	0	0	0	0	0	0	0	0	0	0	0	0	0	0	0	0	0	0	0	0	0	0	0	0					
"Число голосов избирателей, поданных за каждый список"																																																										
18	Богданов Андрей Владимирович	298	27	20	23	16	14	9	15	20	16	12	7	13	15	1	14	13	1	3	2	3	1	1	2	5	1	3	5	0	0	3	2	3	1	0	1	1	1	0	2	2	1	3	0	0	5	3	0	0	0	3	5					
		1.20%	2.04%	1.64%	1.85%	1.33%	1.08%	0.64%	1.25%	1.86%	1.47%	0.99%	0.68%	1.06%	1.57%	0.40%	2.45%	3.23%	1.00%	1.10%	1.03%	0.44%	0.44%	0.89%	0.95%	1.39%	0.58%	0.74%	1.37%	0.00%	0.00%	0.67%	0.60%	1.55%	0.36%	0.00%	0.29%	1.39%	0.37%	0.00%	1.27%	1.37%	0.96%	1.72%	0.00%	0.00%	3.21%	1.69%	0.00%	0.00%	0.00%	0.96%	1.03%					
19	Жириновский Владимир Вольфович	3032	145	146	142	131	173	172	161	140	150	142	117	178	108	39	59	53	8	20	25	69	35	13	34	42	18	43	54	17	22	52	29	16	31	13	40	10	38	19	25	31	11	12	18	17	20	22	9	13	61	30	59					
		12.20%	10.94%	11.97%	11.42%	10.88%	13.32%	12.15%	13.41%	12.99%	13.76%	11.76%	11.28%	14.48%	11.31%	15.42%	10.31%	13.18%	8.00%	7.33%	12.82%	10.16%	15.28%	11.61%	16.11%	11.63%	10.47%	10.59%	14.75%	10.56%	16.42%	11.61%	8.63%	8.29%	11.03%	12.62%	11.76%	13.89%	14.13%	24.68%	15.82%	21.23%	10.58%	6.90%	18.56%	9.88%	12.82%	12.36%	11.25%	10.40%	14.88%	9.65%	12.16%					
20	Зюганов Геннадий Андреевич	4774	331	290	288	283	225	336	270	204	236	280	237	255	236	44	113	72	12	78	21	88	20	24	25	58	25	46	31	31	13	64	66	16	44	15	28	5	17	7	32	13	13	23	10	7	17	28	6	13	59	57	62					
		19.22%	24.98%	23.77%	23.17%	23.50%	17.32%	23.73%	22.48%	18.92%	21.65%	23.20%	22.85%	20.75%	24.71%	17.39%	19.76%	17.91%	12.00%	28.57%	10.77%	12.96%	8.73%	21.43%	11.85%	16.07%	14.53%	11.33%	8.47%	19.25%	9.70%	14.29%	19.64%	8.29%	15.66%	14.56%	8.24%	6.94%	6.32%	9.09%	20.25%	8.90%	12.50%	13.22%	10.31%	4.07%	10.90%	15.73%	7.50%	10.40%	14.39%	18.33%	12.78%					
21	Медведев Дмитрий Анатольевич	16444	805	749	771	774	868	881	744	704	668	757	663	764	579	163	377	252	79	169	144	506	169	74	150	254	125	312	272	108	99	326	237	154	201	75	267	56	213	51	97	100	79	131	69	145	113	124	65	99	288	218	356					
		66.19%	60.75%	61.39%	62.03%	64.29%	66.82%	62.22%	61.95%	65.31%	61.28%	62.72%	63.93%	62.16%	60.63%	64.43%	65.91%	62.69%	79.00%	61.90%	73.85%	74.52%	73.80%	66.07%	71.09%	70.36%	72.67%	76.85%	74.32%	67.08%	73.88%	72.77%	70.54%	79.79%	71.53%	72.82%	78.53%	77.78%	79.18%	66.23%	61.39%	68.49%	75.96%	75.29%	71.13%	84.30%	72.44%	69.66%	81.25%	79.20%	70.24%	70.10%	73.40%					
																																																										
																																																										
																																																										
																																																										
																																																										
																																																										
																																																										
																																																										
																																																										
																																																										
																																																										
																																																										
																																																										
																																																										
																																																										
																																																										
																																																										
																																																										
