Выборы Президента Российской Федерации																																																																														
Дата голосования: 02.03.2008																																																																														
																																																																														
"Наименование Избирательной комиссии:    Дзержинская, Калининская"																																																																														
																																																																														
Сводная таблица результатов выборов																																																																														
																																																																														
	Число участковых избирательных комиссий	71																																																																												
	"Число участковых избирательных комиссий, приступивших к передаче сведений"	71																																																																												
																																																																														
		Сумма	УИК №809	УИК №810	УИК №811	УИК №812	УИК №813	УИК №814	УИК №815	УИК №816	УИК №817	УИК №818	УИК №819	УИК №820	УИК №821	УИК №822	УИК №823	УИК №824	УИК №825	УИК №826	УИК №827	УИК №828	УИК №829	УИК №830	УИК №831	УИК №832	УИК №833	УИК №834	УИК №835	УИК №836	УИК №837	УИК №838	УИК №839	УИК №840	УИК №841	УИК №842	УИК №843	УИК №844	УИК №845	УИК №846	УИК №847	УИК №848	УИК №849	УИК №850	УИК №851	УИК №852	УИК №853	УИК №854	УИК №855	УИК №856	УИК №857	УИК №858	УИК №859	УИК №860	УИК №861	УИК №862	УИК №863	УИК №864	УИК №865	УИК №866	УИК №867	УИК №868	УИК №869	УИК №870	УИК №871	УИК №872	УИК №873	УИК №874	УИК №875	УИК №876	УИК №877	УИК №878	УИК №940					
1	"Число избирателей, включенных в списки избирателей"	104362	1268	1338	550	1858	1412	2688	1882	512	617	847	685	1833	1154	1960	1650	1772	1816	1877	1867	1807	1755	1361	1324	1484	1317	1267	2000	1453	1461	1888	2391	1375	1488	1472	2021	1695	214	1206	485	1937	1909	1496	1820	1255	1351	1927	2138	1324	1165	1443	1876	2236	1958	2123	2107	1245	1104	1280	1281	1183	1154	1041	1545	1567	1059	1512	1034	1031	1690	1339	182					
2	"Число избирательных бюллетеней, полученных участковыми избирательными комиссиями"	87430	1000	1000	500	1500	1000	2500	1500	500	500	600	500	1500	1000	1500	1500	1500	1500	1500	1500	1500	1500	1000	1000	1100	1000	1000	2000	1100	1100	1500	2000	1000	1500	1100	2000	1500	150	1000	400	1500	1500	1100	1500	1000	1000	1500	2000	1000	1000	1100	1500	2000	1500	2000	2000	1000	1000	1000	1000	1000	1000	1000	1500	1500	1000	1500	1000	1000	1500	1000	180					
3	"Число избирательных бюллетеней, выданных избирателям, проголосовавшим досрочно"	0	0	0	0	0	0	0	0	0	0	0	0	0	0	0	0	0	0	0	0	0	0	0	0	0	0	0	0	0	0	0	0	0	0	0	0	0	0	0	0	0	0	0	0	0	0	0	0	0	0	0	0	0	0	0	0	0	0	0	0	0	0	0	0	0	0	0	0	0	0	0	0					
4	"Число избирательных бюллетеней, выданных в помещениях для голосования в день голосования"	51300	686	739	289	1042	697	1624	793	269	295	247	306	885	573	982	705	918	842	995	746	1139	809	713	645	618	664	394	974	771	767	994	1176	666	703	705	1010	865	72	618	184	652	902	741	887	629	619	925	1067	693	527	694	931	1146	1029	1069	1096	592	559	656	656	676	578	436	743	797	569	742	512	453	893	606	105					
5	"Число избирательных бюллетеней, выданных вне помещений для голосования в день голосования"	3495	208	186	57	46	49	30	40	66	58	207	126	20	13	29	31	23	59	35	59	17	188	24	18	49	50	34	49	41	33	29	22	40	38	25	35	38	64	38	73	16	41	34	47	36	63	57	27	21	20	18	23	71	44	60	79	69	19	52	44	22	24	46	26	19	23	12	33	47	46	47	62					
6	Число погашенных избирательных бюллетеней	32635	106	75	154	412	254	846	667	165	147	146	68	595	414	489	764	559	599	470	695	344	503	263	337	433	286	572	977	288	300	477	802	294	759	370	955	597	14	344	143	832	557	325	566	335	318	518	906	286	453	388	546	783	427	871	825	339	422	292	300	302	398	518	731	684	408	746	455	500	561	347	13					
7	Число избирательных бюллетеней в переносных ящиках для голосования	3495	208	186	57	46	49	30	40	66	58	207	126	20	13	29	31	23	59	35	59	17	188	24	18	49	50	34	49	41	33	29	22	40	38	25	35	38	64	38	73	16	41	34	47	36	63	57	27	21	20	18	23	71	44	60	79	69	19	52	44	22	24	46	26	19	23	12	33	47	46	47	62					
8	Число бюллетеней в стационарных ящиках для голосования	51296	686	739	289	1042	697	1624	793	269	295	247	306	885	573	982	705	918	842	994	746	1139	809	713	645	618	664	394	974	771	767	994	1176	666	703	705	1010	865	72	618	184	652	902	741	887	629	619	925	1067	693	527	694	931	1146	1026	1069	1096	592	559	656	656	676	578	436	743	797	569	742	512	453	893	606	105					
9	Число недействительных избирательных бюллетеней	900	14	6	4	9	12	15	8	0	3	3	9	15	4	17	7	6	16	8	7	232	14	12	17	8	10	8	36	9	5	10	21	7	11	5	17	12	0	10	0	5	5	9	16	5	17	10	14	4	3	5	11	13	18	8	15	8	6	8	6	7	5	13	13	20	7	9	4	10	9	8	2					
10	Число действительных избирательных бюллетеней	53891	880	919	342	1079	734	1639	825	335	350	451	423	890	582	994	729	935	885	1021	798	924	983	725	646	659	704	420	987	803	795	1013	1177	699	730	725	1028	891	136	646	257	663	938	766	918	660	665	972	1080	710	544	707	943	1204	1052	1121	1160	653	572	700	694	691	597	469	756	796	585	745	541	490	930	645	165					
11	Число полученных открепительных  удостоверений	1150	15	10	15	67	15	80	25	5	10	5	15	15	10	15	10	15	15	20	15	20	25	20	15	15	13	10	15	10	10	15	10	10	20	10	20	20	5	10	5	15	20	15	10	15	10	15	20	10	10	15	10	25	25	25	25	20	15	15	15	15	15	15	15	15	15	25	10	15	15	10	0					
12	"Число открепительных удостоверений, выданных избирателям на избирательных участках"	889	10	10	11	59	9	74	21	4	6	3	8	11	7	10	5	14	12	16	12	17	22	14	11	11	10	7	11	7	10	12	9	6	17	9	15	15	0	10	3	11	12	10	9	7	6	10	17	10	9	9	9	21	22	22	20	17	9	10	9	10	13	13	7	11	10	20	7	12	11	8	0					
13	"Число избирателей, проголосовавших по открепительным удостоверениям"	626	9	10	16	13	9	8	14	15	10	9	14	8	4	4	7	12	9	16	4	20	4	4	7	5	17	2	13	10	5	7	11	4	7	2	8	9	19	15	14	7	3	10	6	8	10	13	7	5	5	4	3	7	13	8	6	8	5	10	12	3	4	3	0	6	9	13	8	10	6	8	32					
14	Число неиспользованных открепительных удостоверений	261	5	0	4	8	6	6	4	1	4	2	7	4	3	5	5	1	3	4	3	3	3	6	4	4	3	3	4	3	0	3	1	4	3	1	5	5	5	0	2	4	8	5	1	8	4	5	3	0	1	6	1	4	3	3	5	3	6	5	6	5	2	2	8	4	5	5	3	3	4	2	0					
15	"Число открепительных удостоверений, выданных избирателям ТИК"	11	0	0	0	4	0	1	0	0	0	0	0	0	0	0	0	1	0	0	0	0	0	0	0	0	0	0	1	0	0	1	1	0	0	0	0	1	0	0	0	0	0	0	0	0	0	1	0	0	0	0	0	0	0	0	0	0	0	0	0	0	0	0	0	0	0	0	0	0	0	0	0					
16	Число утраченных избирательных бюллетеней	0	0	0	0	0	0	0	0	0	0	0	0	0	0	0	0	0	0	0	0	0	0	0	0	0	0	0	0	0	0	0	0	0	0	0	0	0	0	0	0	0	0	0	0	0	0	0	0	0	0	0	0	0	0	0	0	0	0	0	0	0	0	0	0	0	0	0	0	0	0	0	0					
17	"Число избирательных бюллетеней, не учтенных при получении"	0	0	0	0	0	0	0	0	0	0	0	0	0	0	0	0	0	0	0	0	0	0	0	0	0	0	0	0	0	0	0	0	0	0	0	0	0	0	0	0	0	0	0	0	0	0	0	0	0	0	0	0	0	0	0	0	0	0	0	0	0	0	0	0	0	0	0	0	0	0	0	0					
17а	Число утраченных открепительных удостоверений	0	0	0	0	0	0	0	0	0	0	0	0	0	0	0	0	0	0	0	0	0	0	0	0	0	0	0	0	0	0	0	0	0	0	0	0	0	0	0	0	0	0	0	0	0	0	0	0	0	0	0	0	0	0	0	0	0	0	0	0	0	0	0	0	0	0	0	0	0	0	0	0					
17б	"Число открепительных удостоверений, не учтенных при получении"	0	0	0	0	0	0	0	0	0	0	0	0	0	0	0	0	0	0	0	0	0	0	0	0	0	0	0	0	0	0	0	0	0	0	0	0	0	0	0	0	0	0	0	0	0	0	0	0	0	0	0	0	0	0	0	0	0	0	0	0	0	0	0	0	0	0	0	0	0	0	0	0					
"Число голосов избирателей, поданных за каждый список"																																																																														
18	Богданов Андрей Владимирович	880	8	12	4	14	13	25	17	7	7	11	8	9	6	14	11	19	13	18	19	6	19	15	10	14	12	6	23	18	11	26	18	11	11	10	14	12	1	3	1	8	11	8	17	10	15	13	20	18	11	14	10	22	14	18	20	5	7	7	18	15	12	9	14	20	12	9	8	6	16	15	2					
		1.61%	0.89%	1.30%	1.16%	1.29%	1.74%	1.51%	2.04%	2.09%	1.98%	2.42%	1.85%	0.99%	1.02%	1.38%	1.49%	2.02%	1.44%	1.75%	2.36%	0.52%	1.91%	2.04%	1.51%	2.10%	1.68%	1.40%	2.25%	2.22%	1.38%	2.54%	1.50%	1.56%	1.48%	1.37%	1.34%	1.33%	0.74%	0.46%	0.39%	1.20%	1.17%	1.03%	1.82%	1.50%	2.20%	1.32%	1.83%	2.52%	2.01%	1.97%	1.05%	1.81%	1.31%	1.59%	1.70%	0.76%	1.21%	0.99%	2.57%	2.15%	1.99%	1.87%	1.82%	2.45%	2.03%	1.19%	1.47%	1.20%	1.70%	2.30%	1.20%					
19	Жириновский Владимир Вольфович	6646	73	114	35	194	83	382	111	36	24	52	40	126	77	110	101	116	107	138	59	147	161	82	60	98	89	62	112	77	105	131	157	78	96	93	144	121	21	75	36	114	99	86	101	63	72	103	123	96	77	69	127	132	145	127	116	74	65	73	77	77	81	59	60	88	58	62	65	72	94	45	23					
		12.13%	8.17%	12.32%	10.12%	17.83%	11.13%	23.10%	13.33%	10.75%	6.80%	11.45%	9.26%	13.92%	13.14%	10.88%	13.72%	12.33%	11.88%	13.41%	7.33%	12.72%	16.15%	11.13%	9.05%	14.69%	12.46%	14.49%	10.95%	9.48%	13.13%	12.81%	13.11%	11.05%	12.96%	12.74%	13.78%	13.40%	15.44%	11.43%	14.01%	17.07%	10.50%	11.10%	10.81%	9.47%	10.56%	10.49%	11.24%	13.45%	14.08%	9.69%	13.31%	10.85%	13.55%	11.25%	9.87%	11.20%	11.25%	10.31%	11.00%	11.03%	13.46%	12.24%	7.80%	10.78%	9.80%	8.22%	11.93%	14.40%	10.01%	6.89%	13.77%					
20	Зюганов Геннадий Андреевич	13790	178	189	66	101	200	199	216	87	77	63	99	229	158	293	191	245	208	243	234	250	278	215	194	170	216	103	244	243	191	244	275	153	185	159	226	227	26	127	52	138	320	214	258	210	181	272	339	174	135	152	236	318	239	326	331	188	150	222	182	188	163	131	256	247	164	209	182	133	254	193	31					
		25.17%	19.91%	20.43%	19.08%	9.28%	26.81%	12.03%	25.93%	25.97%	21.81%	13.88%	22.92%	25.30%	26.96%	28.98%	25.95%	26.04%	23.09%	23.62%	29.07%	21.63%	27.88%	29.17%	29.26%	25.49%	30.25%	24.07%	23.85%	29.93%	23.88%	23.85%	22.95%	21.67%	24.97%	21.78%	21.63%	25.14%	19.12%	19.36%	20.23%	20.66%	33.93%	27.61%	27.62%	31.58%	26.54%	27.70%	30.99%	24.37%	24.68%	21.35%	24.74%	26.13%	22.34%	28.88%	28.17%	28.44%	25.95%	31.36%	26.00%	26.93%	27.08%	27.18%	33.29%	30.27%	27.70%	27.72%	33.39%	26.60%	27.05%	29.56%	18.56%					
21	Медведев Дмитрий Анатольевич	32575	621	604	237	770	438	1033	481	205	242	325	276	526	341	577	426	555	557	622	486	521	525	413	382	377	387	249	608	465	488	612	727	457	438	463	644	531	88	441	168	403	508	458	542	377	397	584	598	422	321	472	570	732	654	650	693	386	350	398	417	411	341	270	426	441	351	465	286	279	566	392	109					
		59.45%	69.46%	65.30%	68.50%	70.77%	58.71%	62.45%	57.74%	61.19%	68.56%	71.59%	63.89%	58.12%	58.19%	57.07%	57.88%	58.98%	61.82%	60.45%	60.37%	45.07%	52.66%	56.04%	57.62%	56.52%	54.20%	58.18%	59.43%	57.27%	61.00%	59.82%	60.68%	64.73%	59.11%	63.42%	61.63%	58.80%	64.71%	67.23%	65.37%	60.33%	53.87%	59.10%	58.03%	56.69%	58.21%	59.47%	54.66%	59.10%	58.68%	66.29%	59.75%	60.15%	61.12%	57.57%	58.98%	58.40%	60.55%	56.21%	59.57%	58.88%	56.64%	56.02%	55.40%	54.04%	59.29%	61.67%	52.48%	55.80%	60.28%	60.03%	65.27%					
																																																																														
																																																																														
																																																																														
																																																																														
																																																																														
																																																																														
																																																																														
																																																																														
																																																																														
																																																																														
																																																																														
																																																																														
																																																																														
																																																																														
																																																																														
																																																																														
																																																																														
																																																																														
