Выборы Президента Российской Федерации																																															
Дата голосования: 02.03.2008																																															
																																															
Наименование Избирательной комиссии:    Тисульская																																															
																																															
Сводная таблица результатов выборов																																															
																																															
	Число участковых избирательных комиссий	40																																													
	"Число участковых избирательных комиссий, приступивших к передаче сведений"	40																																													
																																															
		Сумма	УИК №1432	УИК №1433	УИК №1434	УИК №1435	УИК №1436	УИК №1437	УИК №1438	УИК №1439	УИК №1440	УИК №1441	УИК №1442	УИК №1443	УИК №1444	УИК №1445	УИК №1446	УИК №1447	УИК №1448	УИК №1449	УИК №1450	УИК №1451	УИК №1452	УИК №1453	УИК №1454	УИК №1455	УИК №1456	УИК №1457	УИК №1458	УИК №1459	УИК №1460	УИК №1461	УИК №1462	УИК №1463	УИК №1464	УИК №1465	УИК №1466	УИК №1467	УИК №1468	УИК №1469	УИК №1470	УИК №1471					
1	"Число избирателей, включенных в списки избирателей"	19339	878	942	930	840	1072	1229	1043	208	1317	1108	268	975	488	342	123	436	189	197	89	487	128	81	440	323	443	369	776	482	853	75	172	279	192	79	214	71	314	272	175	440					
2	"Число избирательных бюллетеней, полученных участковыми избирательными комиссиями"	18500	800	800	850	800	1000	1100	1000	210	1300	1100	275	900	470	320	125	400	190	189	97	480	130	88	420	330	420	390	747	495	750	74	183	290	199	80	217	73	310	280	178	440					
3	"Число избирательных бюллетеней, выданных избирателям, проголосовавшим досрочно"	0	0	0	0	0	0	0	0	0	0	0	0	0	0	0	0	0	0	0	0	0	0	0	0	0	0	0	0	0	0	0	0	0	0	0	0	0	0	0	0	0					
4	"Число избирательных бюллетеней, выданных в помещениях для голосования в день голосования"	15237	652	609	682	679	875	983	814	185	1221	1033	149	537	337	278	105	321	140	150	81	379	122	76	386	283	343	333	594	413	647	51	150	231	160	75	184	69	254	160	149	347					
5	"Число избирательных бюллетеней, выданных вне помещений для голосования в день голосования"	1573	61	126	152	33	62	41	101	3	79	56	72	90	47	16	14	48	30	25	6	61	6	5	10	17	73	6	76	24	51	17	13	18	6	0	12	0	9	64	5	38					
6	Число погашенных избирательных бюллетеней	1690	87	65	16	88	63	76	85	22	0	11	54	273	86	26	6	31	20	14	10	40	2	7	24	30	4	51	77	58	52	6	20	41	33	5	21	4	47	56	24	55					
7	Число избирательных бюллетеней в переносных ящиках для голосования	1573	61	126	152	33	62	41	101	3	79	56	72	90	47	16	14	48	30	25	6	61	6	5	10	17	73	6	76	24	51	17	13	18	6	0	12	0	9	64	5	38					
8	Число бюллетеней в стационарных ящиках для голосования	15230	652	609	682	679	875	981	813	185	1221	1033	149	537	334	278	105	321	140	150	81	379	122	76	386	282	343	333	594	413	647	51	150	231	160	75	184	69	254	160	149	347					
9	Число недействительных избирательных бюллетеней	495	21	64	5	15	35	11	13	6	32	56	6	10	0	8	1	2	3	1	3	16	7	1	17	15	6	3	65	17	15	0	2	8	7	0	0	3	1	3	5	12					
10	Число действительных избирательных бюллетеней	16308	692	671	829	697	902	1011	901	182	1268	1033	215	617	381	286	118	367	167	174	84	424	121	80	379	284	410	336	605	420	683	68	161	241	159	75	196	66	262	221	149	373					
11	Число полученных открепительных  удостоверений	347	12	19	12	12	22	15	22	3	12	12	5	28	15	8	2	5	3	3	2	5	3	6	5	5	5	7	18	5	18	2	7	15	2	4	3	2	10	6	3	4					
12	"Число открепительных удостоверений, выданных избирателям на избирательных участках"	347	12	19	12	12	22	15	22	3	12	12	5	28	15	8	2	5	3	3	2	5	3	6	5	5	5	7	18	5	18	2	7	15	2	4	3	2	10	6	3	4					
13	"Число избирателей, проголосовавших по открепительным удостоверениям"	125	7	8	7	3	5	4	7	4	0	5	0	7	5	4	3	1	0	1	3	17	3	0	4	0	2	0	2	2	3	1	0	6	0	1	1	2	3	2	0	2					
14	Число неиспользованных открепительных удостоверений	0	0	0	0	0	0	0	0	0	0	0	0	0	0	0	0	0	0	0	0	0	0	0	0	0	0	0	0	0	0	0	0	0	0	0	0	0	0	0	0	0					
15	"Число открепительных удостоверений, выданных избирателям ТИК"	3	0	0	1	0	0	0	0	0	0	0	0	0	0	0	0	0	0	0	0	0	0	0	0	0	0	0	0	2	0	0	0	0	0	0	0	0	0	0	0	0					
16	Число утраченных избирательных бюллетеней	0	0	0	0	0	0	0	0	0	0	0	0	0	0	0	0	0	0	0	0	0	0	0	0	0	0	0	0	0	0	0	0	0	0	0	0	0	0	0	0	0					
17	"Число избирательных бюллетеней, не учтенных при получении"	0	0	0	0	0	0	0	0	0	0	0	0	0	0	0	0	0	0	0	0	0	0	0	0	0	0	0	0	0	0	0	0	0	0	0	0	0	0	0	0	0					
17а	Число утраченных открепительных удостоверений	0	0	0	0	0	0	0	0	0	0	0	0	0	0	0	0	0	0	0	0	0	0	0	0	0	0	0	0	0	0	0	0	0	0	0	0	0	0	0	0	0					
17б	"Число открепительных удостоверений, не учтенных при получении"	0	0	0	0	0	0	0	0	0	0	0	0	0	0	0	0	0	0	0	0	0	0	0	0	0	0	0	0	0	0	0	0	0	0	0	0	0	0	0	0	0					
"Число голосов избирателей, поданных за каждый список"																																															
18	Богданов Андрей Владимирович	494	8	7	79	2	22	32	17	8	83	14	0	6	9	7	1	10	4	8	1	20	0	2	16	15	4	14	19	16	14	0	0	11	1	2	3	1	8	3	10	17					
		2.94%	1.12%	0.95%	9.47%	0.28%	2.35%	3.13%	1.86%	4.26%	6.38%	1.29%	0.00%	0.96%	2.36%	2.38%	0.84%	2.71%	2.35%	4.57%	1.15%	4.55%	0.00%	2.47%	4.04%	5.02%	0.96%	4.13%	2.84%	3.66%	2.01%	0.00%	0.00%	4.42%	0.60%	2.67%	1.53%	1.45%	3.04%	1.34%	6.49%	4.42%					
19	Жириновский Владимир Вольфович	2814	45	64	148	53	147	211	227	36	258	249	37	80	70	68	32	35	37	34	10	86	29	7	77	48	51	69	92	81	117	3	19	21	32	7	17	11	60	45	24	77					
		16.75%	6.31%	8.71%	17.75%	7.44%	15.69%	20.65%	24.84%	19.15%	19.85%	22.87%	16.74%	12.76%	18.37%	23.13%	26.89%	9.49%	21.76%	19.43%	11.49%	19.55%	22.66%	8.64%	19.44%	16.05%	12.26%	20.35%	13.73%	18.54%	16.76%	4.41%	11.66%	8.43%	19.28%	9.33%	8.67%	15.94%	22.81%	20.09%	15.58%	20.00%					
20	Зюганов Геннадий Андреевич	1318	129	79	34	34	54	52	44	10	71	58	33	147	28	21	7	86	10	14	12	16	5	3	15	12	26	17	31	21	81	10	47	14	10	6	20	4	16	12	8	21					
		7.84%	18.09%	10.75%	4.08%	4.78%	5.76%	5.09%	4.81%	5.32%	5.46%	5.33%	14.93%	23.44%	7.35%	7.14%	5.88%	23.31%	5.88%	8.00%	13.79%	3.64%	3.91%	3.70%	3.79%	4.01%	6.25%	5.01%	4.63%	4.81%	11.60%	14.71%	28.83%	5.62%	6.02%	8.00%	10.20%	5.80%	6.08%	5.36%	5.19%	5.45%					
21	Медведев Дмитрий Анатольевич	11682	510	521	568	608	679	716	613	128	856	712	145	384	274	190	78	236	116	118	61	302	87	68	271	209	329	236	463	302	471	55	95	195	116	60	156	50	178	161	107	258					
		69.52%	71.53%	70.88%	68.11%	85.39%	72.47%	70.06%	67.07%	68.09%	65.85%	65.38%	65.61%	61.24%	71.92%	64.63%	65.55%	63.96%	68.24%	67.43%	70.11%	68.64%	67.97%	83.95%	68.43%	69.90%	79.09%	69.62%	69.10%	69.11%	67.48%	80.88%	58.28%	78.31%	69.88%	80.00%	79.59%	72.46%	67.68%	71.88%	69.48%	67.01%					
																																															
																																															
																																															
																																															
																																															
																																															
																																															
																																															
																																															
																																															
																																															
																																															
																																															
																																															
																																															
																																															
																																															
																																															
