Выборы Президента Российской Федерации																																															
Дата голосования: 02.03.2008																																															
																																															
Наименование Избирательной комиссии:    Краснокамская																																															
																																															
Сводная таблица результатов выборов																																															
																																															
	Число участковых избирательных комиссий	40																																													
	"Число участковых избирательных комиссий, приступивших к передаче сведений"	40																																													
																																															
		Сумма	УИК №2405	УИК №2406	УИК №2407	УИК №2408	УИК №2409	УИК №2410	УИК №2411	УИК №2412	УИК №2413	УИК №2414	УИК №2415	УИК №2416	УИК №2417	УИК №2418	УИК №2419	УИК №2420	УИК №2421	УИК №2422	УИК №2423	УИК №2424	УИК №2425	УИК №2426	УИК №2427	УИК №2428	УИК №2429	УИК №2430	УИК №2431	УИК №2432	УИК №2433	УИК №2434	УИК №2435	УИК №2436	УИК №2437	УИК №2438	УИК №2439	УИК №2440	УИК №2441	УИК №2442	УИК №2443	УИК №3554					
1	"Число избирателей, включенных в списки избирателей"	20391	767	211	488	138	650	233	831	301	130	144	818	233	392	257	464	201	226	289	591	252	1365	1242	528	304	221	219	490	861	403	231	262	605	208	314	115	247	1607	1479	1916	158					
2	"Число избирательных бюллетеней, полученных участковыми избирательными комиссиями"	20300	758	215	543	164	668	218	850	308	126	147	841	244	402	258	464	198	226	291	640	260	1367	1257	517	319	224	214	504	935	402	230	257	625	196	320	125	274	1463	1355	1738	157					
3	"Число избирательных бюллетеней, выданных избирателям, проголосовавшим досрочно"	0	0	0	0	0	0	0	0	0	0	0	0	0	0	0	0	0	0	0	0	0	0	0	0	0	0	0	0	0	0	0	0	0	0	0	0	0	0	0	0	0					
4	"Число избирательных бюллетеней, выданных в помещениях для голосования в день голосования"	15728	608	136	380	104	476	147	527	276	113	89	634	193	311	218	427	158	167	248	461	188	1294	1172	393	248	178	173	353	689	310	199	201	449	150	265	100	208	1022	1064	1267	132					
5	"Число избирательных бюллетеней, выданных вне помещений для голосования в день голосования"	1794	89	69	62	31	72	26	299	11	8	55	92	23	40	34	29	19	19	27	40	45	36	32	50	24	38	40	48	45	41	26	27	57	17	46	14	30	61	39	29	4					
6	Число погашенных избирательных бюллетеней	2778	61	10	101	29	120	45	24	21	5	3	115	28	51	6	8	21	40	16	139	27	37	53	74	47	8	1	103	201	51	5	29	119	29	9	11	36	380	252	442	21					
7	Число избирательных бюллетеней в переносных ящиках для голосования	1794	89	69	62	31	72	26	299	11	8	55	92	23	40	34	29	19	19	27	40	45	36	32	50	24	38	40	48	45	41	26	27	57	17	46	14	30	61	39	29	4					
8	Число бюллетеней в стационарных ящиках для голосования	15727	608	136	380	104	476	147	527	276	113	89	634	193	311	218	427	158	166	248	461	188	1294	1172	393	248	178	173	353	689	310	199	201	449	150	265	100	208	1022	1064	1267	132					
9	Число недействительных избирательных бюллетеней	243	12	4	15	1	13	7	0	0	1	0	1	2	3	0	0	1	1	4	9	2	1	4	12	3	2	1	0	13	15	1	2	42	11	9	1	0	17	7	22	4					
10	Число действительных избирательных бюллетеней	17278	685	201	427	134	535	166	826	287	120	144	725	214	348	252	456	176	184	271	492	231	1329	1200	431	269	214	212	401	721	336	224	226	464	156	302	113	238	1066	1096	1274	132					
11	Число полученных открепительных  удостоверений	689	36	10	43	24	28	6	27	8	4	3	13	5	13	9	6	2	3	1	41	15	33	42	15	14	15	1	8	56	8	1	3	28	3	11	13	12	31	37	52	9					
12	"Число открепительных удостоверений, выданных избирателям на избирательных участках"	664	36	10	43	23	28	6	27	8	4	3	13	3	13	9	5	2	2	1	41	15	28	35	15	14	15	1	8	56	3	1	3	28	3	11	13	12	31	37	52	6					
13	"Число избирателей, проголосовавших по открепительным удостоверениям"	371	20	5	3	6	12	4	13	3	8	3	15	2	3	11	6	8	5	6	5	10	17	14	15	4	8	9	8	9	8	6	7	11	15	11	6	5	16	29	20	5					
14	Число неиспользованных открепительных удостоверений	25	0	0	0	1	0	0	0	0	0	0	0	2	0	0	1	0	1	0	0	0	5	7	0	0	0	0	0	0	5	0	0	0	0	0	0	0	0	0	0	3					
15	"Число открепительных удостоверений, выданных избирателям ТИК"	11	1	0	0	0	0	0	1	0	0	0	0	0	0	0	0	0	1	0	1	0	1	1	0	0	0	0	0	1	0	0	0	0	0	0	1	0	0	3	0	0					
16	Число утраченных избирательных бюллетеней	0	0	0	0	0	0	0	0	0	0	0	0	0	0	0	0	0	0	0	0	0	0	0	0	0	0	0	0	0	0	0	0	0	0	0	0	0	0	0	0	0					
17	"Число избирательных бюллетеней, не учтенных при получении"	0	0	0	0	0	0	0	0	0	0	0	0	0	0	0	0	0	0	0	0	0	0	0	0	0	0	0	0	0	0	0	0	0	0	0	0	0	0	0	0	0					
17а	Число утраченных открепительных удостоверений	0	0	0	0	0	0	0	0	0	0	0	0	0	0	0	0	0	0	0	0	0	0	0	0	0	0	0	0	0	0	0	0	0	0	0	0	0	0	0	0	0					
17б	"Число открепительных удостоверений, не учтенных при получении"	0	0	0	0	0	0	0	0	0	0	0	0	0	0	0	0	0	0	0	0	0	0	0	0	0	0	0	0	0	0	0	0	0	0	0	0	0	0	0	0	0					
"Число голосов избирателей, поданных за каждый список"																																															
18	Богданов Андрей Владимирович	161	7	6	4	2	5	1	21	4	0	0	4	1	5	1	7	3	0	1	8	3	4	7	4	2	1	0	5	0	4	2	2	6	3	2	0	0	13	1	19	3					
		0.92%	1.00%	2.93%	0.90%	1.48%	0.91%	0.58%	2.54%	1.39%	0.00%	0.00%	0.55%	0.46%	1.42%	0.40%	1.54%	1.69%	0.00%	0.36%	1.60%	1.29%	0.30%	0.58%	0.90%	0.74%	0.46%	0.00%	1.25%	0.00%	1.14%	0.89%	0.88%	1.19%	1.80%	0.64%	0.00%	0.00%	1.20%	0.09%	1.47%	2.21%					
19	Жириновский Владимир Вольфович	831	66	7	25	4	38	14	32	4	2	1	46	9	18	17	17	13	1	7	55	20	23	9	32	23	3	7	27	0	7	7	8	23	14	1	1	0	98	4	135	13					
		4.74%	9.47%	3.41%	5.66%	2.96%	6.93%	8.09%	3.87%	1.39%	1.65%	0.69%	6.34%	4.17%	5.13%	6.75%	3.73%	7.34%	0.54%	2.55%	10.98%	8.58%	1.73%	0.75%	7.22%	8.46%	1.39%	3.29%	6.73%	0.00%	1.99%	3.11%	3.51%	4.55%	8.38%	0.32%	0.88%	0.00%	9.05%	0.36%	10.42%	9.56%					
20	Зюганов Геннадий Андреевич	3293	120	39	115	12	163	32	67	16	27	12	125	64	54	37	73	34	49	68	85	88	105	92	154	47	20	9	28	268	58	58	45	76	20	13	5	23	315	319	330	28					
		18.79%	17.22%	19.02%	26.02%	8.89%	29.74%	18.50%	8.11%	5.57%	22.31%	8.33%	17.22%	29.63%	15.38%	14.68%	16.01%	19.21%	26.49%	24.73%	16.97%	37.77%	7.89%	7.64%	34.76%	17.28%	9.26%	4.23%	6.98%	36.51%	16.52%	25.78%	19.74%	15.02%	11.98%	4.18%	4.39%	9.66%	29.09%	28.92%	25.46%	20.59%					
21	Медведев Дмитрий Анатольевич	12993	492	149	283	116	329	119	706	263	91	131	550	140	271	197	359	126	134	195	344	120	1197	1092	241	197	190	196	341	453	267	157	171	359	119	286	107	215	640	772	790	88					
		74.16%	70.59%	72.68%	64.03%	85.93%	60.04%	68.79%	85.47%	91.64%	75.21%	90.97%	75.76%	64.81%	77.21%	78.17%	78.73%	71.19%	72.43%	70.91%	68.66%	51.50%	90.00%	90.70%	54.40%	72.43%	87.96%	92.02%	85.04%	61.72%	76.07%	69.78%	75.00%	70.95%	71.26%	91.96%	93.86%	90.34%	59.10%	69.99%	60.96%	64.71%					
																																															
																																															
																																															
																																															
																																															
																																															
																																															
																																															
																																															
																																															
																																															
																																															
																																															
																																															
																																															
																																															
																																															
																																															
