Выборы Президента Российской Федерации																																																													
Дата голосования: 02.03.2008																																																													
																																																													
Наименование Избирательной комиссии:    Лабинская																																																													
																																																													
Сводная таблица результатов выборов																																																													
																																																													
	Число участковых избирательных комиссий	54																																																											
	"Число участковых избирательных комиссий, приступивших к передаче сведений"	54																																																											
																																																													
		Сумма	УИК №2901	УИК №2902	УИК №2903	УИК №2904	УИК №2905	УИК №2906	УИК №2907	УИК №2908	УИК №2909	УИК №2910	УИК №2911	УИК №2912	УИК №2913	УИК №2914	УИК №2915	УИК №2916	УИК №2917	УИК №2918	УИК №2919	УИК №2920	УИК №2921	УИК №2922	УИК №2923	УИК №2924	УИК №2925	УИК №2926	УИК №2927	УИК №2928	УИК №2929	УИК №2930	УИК №2931	УИК №2932	УИК №2933	УИК №2934	УИК №2935	УИК №2936	УИК №2937	УИК №2938	УИК №2939	УИК №2940	УИК №2941	УИК №2942	УИК №2943	УИК №2944	УИК №2945	УИК №2946	УИК №2947	УИК №2948	УИК №2949	УИК №2950	УИК №2951	УИК №2952	УИК №2953	УИК №2954					
1	"Число избирателей, включенных в списки избирателей"	73060	2076	2261	2298	2401	2048	1916	2114	1628	1828	1784	1165	1484	1392	762	1068	1580	2453	2570	1317	2110	1993	1565	1502	1977	2548	1338	1380	381	1194	1276	1702	1054	503	2426	389	877	648	303	449	2153	1796	342	1504	708	839	360	419	1318	680	712	589	861	559	460					
2	"Число избирательных бюллетеней, полученных участковыми избирательными комиссиями"	71860	2000	1900	2400	2300	1800	2000	2000	1500	1800	1800	1100	1500	1400	800	1100	1600	2300	2500	1300	2100	1900	1500	1500	2000	2500	1300	1300	390	1200	1300	1700	1000	500	2400	390	900	700	300	450	2100	1800	340	1500	700	800	390	400	1400	700	750	600	900	600	450					
3	"Число избирательных бюллетеней, выданных избирателям, проголосовавшим досрочно"	0	0	0	0	0	0	0	0	0	0	0	0	0	0	0	0	0	0	0	0	0	0	0	0	0	0	0	0	0	0	0	0	0	0	0	0	0	0	0	0	0	0	0	0	0	0	0	0	0	0	0	0	0	0	0					
4	"Число избирательных бюллетеней, выданных в помещениях для голосования в день голосования"	51395	1482	1552	2088	2035	1213	1327	1523	1131	1287	1201	750	1179	997	619	756	1111	1675	1892	844	1543	1259	1081	991	1348	1816	854	900	262	868	946	1282	728	377	1903	305	481	512	252	157	1582	1243	238	1125	397	311	220	268	892	420	540	390	517	364	361					
5	"Число избирательных бюллетеней, выданных вне помещений для голосования в день голосования"	9250	228	102	210	125	421	194	127	127	104	214	100	152	147	30	104	211	98	209	166	172	172	113	212	229	136	176	381	93	176	125	172	123	93	362	50	293	58	22	223	297	212	86	277	252	432	86	85	264	146	88	139	263	131	42					
6	Число погашенных избирательных бюллетеней	11215	290	246	102	140	166	479	350	242	409	385	250	169	256	151	240	278	527	399	290	385	469	306	297	423	548	270	19	35	156	229	246	149	30	135	35	126	130	26	70	221	345	16	98	51	57	84	47	244	134	122	71	120	105	47					
7	Число избирательных бюллетеней в переносных ящиках для голосования	9249	228	102	210	125	421	193	127	127	104	214	100	152	147	30	104	211	98	209	166	172	172	113	212	229	136	176	381	93	176	125	172	123	93	362	50	293	58	22	223	297	212	86	277	252	432	86	85	264	146	88	139	263	131	42					
8	Число бюллетеней в стационарных ящиках для голосования	51359	1482	1552	2083	2030	1213	1318	1523	1131	1287	1201	750	1179	997	618	756	1111	1673	1892	844	1543	1259	1073	991	1348	1816	854	900	262	868	946	1282	728	377	1903	305	481	512	252	157	1576	1243	238	1125	397	311	220	268	892	420	540	390	517	364	361					
9	Число недействительных избирательных бюллетеней	672	25	17	4	36	4	15	10	5	12	39	12	18	19	11	13	42	20	18	13	16	26	20	3	23	17	12	14	10	5	7	9	12	6	0	0	4	5	0	1	23	12	4	62	3	12	4	2	4	6	0	5	4	6	2					
10	Число действительных избирательных бюллетеней	59936	1685	1637	2289	2119	1630	1496	1640	1253	1379	1376	838	1313	1125	637	847	1280	1751	2083	997	1699	1405	1166	1200	1554	1935	1018	1267	345	1039	1064	1445	839	464	2265	355	770	565	274	379	1850	1443	320	1340	646	731	302	351	1152	560	628	524	776	489	401					
11	Число полученных открепительных  удостоверений	869	8	30	15	11	11	10	18	20	7	10	13	15	9	10	5	18	18	40	5	25	16	15	10	12	25	10	15	27	5	5	15	5	5	38	5	5	30	15	5	27	20	5	40	25	5	23	23	54	15	33	5	20	5	8					
12	"Число открепительных удостоверений, выданных избирателям на избирательных участках"	866	8	30	15	11	11	10	18	20	7	10	11	15	9	10	5	18	18	40	5	25	16	15	10	12	25	10	15	27	5	5	15	5	5	38	5	5	30	15	5	27	20	5	40	25	5	23	23	53	15	33	5	20	5	8					
13	"Число избирателей, проголосовавших по открепительным удостоверениям"	390	11	7	12	3	8	7	13	8	2	2	8	54	12	3	3	7	6	23	7	12	7	8	5	18	27	6	9	3	3	1	4	2	0	14	0	2	5	3	5	7	9	2	5	4	6	1	6	5	5	3	1	4	1	1					
14	Число неиспользованных открепительных удостоверений	3	0	0	0	0	0	0	0	0	0	0	2	0	0	0	0	0	0	0	0	0	0	0	0	0	0	0	0	0	0	0	0	0	0	0	0	0	0	0	0	0	0	0	0	0	0	0	0	1	0	0	0	0	0	0					
15	"Число открепительных удостоверений, выданных избирателям ТИК"	80	1	4	2	2	1	3	1	3	0	7	1	4	0	1	1	3	2	2	0	1	0	4	5	1	3	0	5	3	0	2	0	0	1	3	0	1	0	0	2	0	2	0	4	1	0	0	0	2	0	0	0	1	1	0					
16	Число утраченных избирательных бюллетеней	0	0	0	0	0	0	0	0	0	0	0	0	0	0	0	0	0	0	0	0	0	0	0	0	0	0	0	0	0	0	0	0	0	0	0	0	0	0	0	0	0	0	0	0	0	0	0	0	0	0	0	0	0	0	0					
17	"Число избирательных бюллетеней, не учтенных при получении"	0	0	0	0	0	0	0	0	0	0	0	0	0	0	0	0	0	0	0	0	0	0	0	0	0	0	0	0	0	0	0	0	0	0	0	0	0	0	0	0	0	0	0	0	0	0	0	0	0	0	0	0	0	0	0					
17а	Число утраченных открепительных удостоверений	0	0	0	0	0	0	0	0	0	0	0	0	0	0	0	0	0	0	0	0	0	0	0	0	0	0	0	0	0	0	0	0	0	0	0	0	0	0	0	0	0	0	0	0	0	0	0	0	0	0	0	0	0	0	0					
17б	"Число открепительных удостоверений, не учтенных при получении"	0	0	0	0	0	0	0	0	0	0	0	0	0	0	0	0	0	0	0	0	0	0	0	0	0	0	0	0	0	0	0	0	0	0	0	0	0	0	0	0	0	0	0	0	0	0	0	0	0	0	0	0	0	0	0					
"Число голосов избирателей, поданных за каждый список"																																																													
18	Богданов Андрей Владимирович	522	0	3	20	25	7	0	11	20	26	6	13	22	8	2	16	27	14	27	19	17	18	20	2	20	27	14	8	8	14	4	14	3	1	20	1	7	4	1	1	11	8	1	4	1	5	1	1	3	4	0	4	2	5	2					
		0.86%	0.00%	0.18%	0.87%	1.16%	0.43%	0.00%	0.67%	1.59%	1.87%	0.42%	1.53%	1.65%	0.70%	0.31%	1.86%	2.04%	0.79%	1.29%	1.88%	0.99%	1.26%	1.69%	0.17%	1.27%	1.38%	1.36%	0.62%	2.25%	1.34%	0.37%	0.96%	0.35%	0.21%	0.88%	0.28%	0.90%	0.70%	0.36%	0.26%	0.59%	0.55%	0.31%	0.29%	0.15%	0.67%	0.33%	0.28%	0.26%	0.71%	0.00%	0.76%	0.26%	1.01%	0.50%					
19	Жириновский Владимир Вольфович	4019	90	64	45	210	111	27	41	191	54	68	103	139	125	27	56	65	33	153	109	64	153	190	112	183	114	118	67	28	98	52	41	70	35	35	15	62	58	8	30	157	23	19	149	34	55	26	46	70	54	2	39	55	18	28					
		6.63%	5.26%	3.87%	1.96%	9.74%	6.79%	1.79%	2.48%	15.18%	3.88%	4.81%	12.12%	10.44%	10.93%	4.17%	6.51%	4.92%	1.86%	7.28%	10.79%	3.73%	10.69%	16.02%	9.31%	11.60%	5.84%	11.46%	5.23%	7.89%	9.39%	4.86%	2.82%	8.23%	7.45%	1.55%	4.23%	8.01%	10.18%	2.92%	7.89%	8.38%	1.58%	5.86%	10.63%	5.24%	7.40%	8.50%	13.03%	6.06%	9.54%	0.32%	7.37%	7.05%	3.64%	6.95%					
20	Зюганов Геннадий Андреевич	12954	345	337	480	485	367	373	383	329	342	325	208	188	280	166	173	278	449	390	254	370	309	243	304	405	418	241	129	106	158	270	348	147	117	563	54	130	144	85	78	267	337	61	212	139	99	54	61	217	73	199	101	164	110	89					
		21.37%	20.18%	20.37%	20.93%	22.51%	22.46%	24.69%	23.21%	26.15%	24.59%	22.97%	24.47%	14.12%	24.48%	25.62%	20.12%	21.03%	25.35%	18.56%	25.15%	21.57%	21.59%	20.49%	25.27%	25.68%	21.41%	23.40%	10.07%	29.86%	15.13%	25.21%	23.93%	17.27%	24.89%	24.86%	15.21%	16.80%	25.26%	31.02%	20.53%	14.26%	23.16%	18.83%	15.12%	21.42%	13.32%	17.65%	17.28%	18.77%	12.90%	31.69%	19.09%	21.03%	22.22%	22.08%					
21	Медведев Дмитрий Анатольевич	42441	1250	1233	1744	1399	1145	1096	1205	713	957	977	514	964	712	442	602	910	1255	1513	615	1248	925	713	782	946	1376	645	1063	203	769	738	1042	619	311	1647	285	571	359	180	270	1415	1075	239	975	472	572	221	243	862	429	427	380	555	356	282					
		70.03%	73.10%	74.55%	76.06%	64.92%	70.07%	72.53%	73.03%	56.68%	68.80%	69.05%	60.47%	72.43%	62.24%	68.21%	70.00%	68.84%	70.86%	72.01%	60.89%	72.77%	64.64%	60.12%	65.00%	59.99%	70.49%	62.62%	82.98%	57.18%	73.66%	68.91%	71.66%	72.74%	66.17%	72.72%	80.28%	73.77%	62.98%	65.69%	71.05%	75.55%	73.88%	73.77%	69.54%	72.73%	76.99%	72.22%	68.84%	74.57%	75.80%	67.99%	71.83%	71.15%	71.92%	69.98%					
																																																													
																																																													
																																																													
																																																													
																																																													
																																																													
																																																													
																																																													
																																																													
																																																													
																																																													
																																																													
																																																													
																																																													
																																																													
																																																													
																																																													
																																																													
