Выборы Президента Российской Федерации																																																																				
Дата голосования: 02.03.2008																																																																				
																																																																				
Наименование Избирательной комиссии:    Красносельская N 6																																																																				
																																																																				
Сводная таблица результатов выборов																																																																				
																																																																				
	Число участковых избирательных комиссий	61																																																																		
	"Число участковых избирательных комиссий, приступивших к передаче сведений"	61																																																																		
																																																																				
		Сумма	УИК №830	УИК №831	УИК №832	УИК №833	УИК №834	УИК №835	УИК №836	УИК №837	УИК №838	УИК №839	УИК №840	УИК №841	УИК №842	УИК №843	УИК №844	УИК №845	УИК №846	УИК №847	УИК №848	УИК №849	УИК №850	УИК №851	УИК №852	УИК №853	УИК №855	УИК №856	УИК №857	УИК №858	УИК №859	УИК №860	УИК №861	УИК №862	УИК №863	УИК №864	УИК №865	УИК №866	УИК №867	УИК №868	УИК №869	УИК №870	УИК №871	УИК №872	УИК №873	УИК №874	УИК №875	УИК №876	УИК №877	УИК №878	УИК №879	УИК №880	УИК №881	УИК №882	УИК №883	УИК №884	УИК №885	УИК №886	УИК №887	УИК №888	УИК №889	УИК №890	УИК №891					
1	"Число избирателей, включенных в списки избирателей"	119071	1998	2374	2123	2066	1875	1291	1533	1913	1911	1928	1813	2200	2320	2594	2651	2044	2034	2409	2108	2004	2249	2615	1102	352	1788	1963	2047	1997	2212	2249	2202	2367	2221	2206	1790	2378	1616	2044	2244	2407	1836	1820	347	380	2210	2318	1919	1066	1676	1905	1868	2165	1688	1943	2065	1976	1730	2469	2475	2514	1463					
2	"Число избирательных бюллетеней, полученных участковыми избирательными комиссиями"	117500	2000	2400	2100	2100	1900	1200	1500	1900	1900	1900	1800	2200	2300	2600	2650	2000	2000	2400	2100	1900	2200	2600	1000	350	1750	1900	2000	2000	2200	2200	2200	2300	2200	2200	1750	2350	1600	2000	2150	2400	1800	1700	300	300	2200	2200	2200	1000	1700	1850	1800	2100	1600	1800	2100	1950	1700	2500	2500	2500	1500					
3	"Число избирательных бюллетеней, выданных избирателям, проголосовавшим досрочно"	0	0	0	0	0	0	0	0	0	0	0	0	0	0	0	0	0	0	0	0	0	0	0	0	0	0	0	0	0	0	0	0	0	0	0	0	0	0	0	0	0	0	0	0	0	0	0	0	0	0	0	0	0	0	0	0	0	0	0	0	0	0					
4	"Число избирательных бюллетеней, выданных в помещениях для голосования в день голосования"	76155	1186	1459	1147	1269	1166	811	1130	1578	1479	1175	1253	1510	1743	1369	2054	1443	1321	1465	1650	1437	1293	1397	785	280	1307	1363	1320	1323	1278	1391	1386	1567	1269	1407	1045	1676	1262	1529	1432	1534	1111	1213	240	236	1243	1335	1458	774	1346	1028	1072	1199	863	1110	1125	1222	919	1326	1503	1378	965					
5	"Число избирательных бюллетеней, выданных вне помещений для голосования в день голосования"	3112	25	75	30	17	33	33	24	11	30	22	17	25	121	74	38	67	45	297	32	32	18	657	13	0	31	70	86	36	32	64	22	39	139	24	51	28	51	30	22	29	7	34	0	0	101	50	39	26	20	21	36	39	22	30	15	23	62	30	20	46	1					
6	Число погашенных избирательных бюллетеней	38233	789	866	923	814	701	356	346	311	391	703	530	665	436	1157	558	490	634	638	418	431	889	546	202	70	412	467	594	641	890	745	792	694	792	769	654	646	287	441	696	837	682	453	60	64	856	815	703	200	334	801	692	862	715	660	960	705	719	1144	977	1076	534					
7	Число избирательных бюллетеней в переносных ящиках для голосования	3112	25	75	30	17	33	33	24	11	30	22	17	25	121	74	38	67	45	297	32	32	18	657	13	0	31	70	86	36	32	64	22	39	139	24	51	28	51	30	22	29	7	34	0	0	101	50	39	26	20	21	36	39	22	30	15	23	62	30	20	46	1					
8	Число бюллетеней в стационарных ящиках для голосования	75965	1184	1459	1144	1265	1166	811	1130	1578	1479	1175	1251	1510	1743	1365	2054	1440	1313	1465	1650	1437	1289	1370	785	280	1307	1293	1320	1323	1278	1391	1386	1567	1266	1407	1045	1672	1259	1526	1432	1531	1109	1209	240	236	1243	1328	1457	770	1346	1027	1071	1198	863	1101	1125	1218	919	1326	1503	1369	961					
9	Число недействительных избирательных бюллетеней	1314	14	30	17	18	15	14	23	27	14	24	21	15	26	31	28	27	26	30	20	26	23	31	11	9	25	16	28	24	15	20	15	26	24	9	10	56	18	35	23	32	14	19	8	8	21	19	16	11	92	16	17	24	18	13	15	26	8	18	23	16	16					
10	Число действительных избирательных бюллетеней	77763	1195	1504	1157	1264	1184	830	1131	1562	1495	1173	1247	1520	1838	1408	2064	1480	1332	1732	1662	1443	1284	1996	787	271	1313	1347	1378	1335	1295	1435	1393	1580	1381	1422	1086	1644	1292	1521	1431	1528	1102	1224	232	228	1323	1359	1480	785	1274	1032	1090	1213	867	1118	1125	1215	973	1338	1500	1399	946					
11	Число полученных открепительных  удостоверений	3309	58	57	55	59	51	40	39	47	55	29	49	38	50	75	70	46	55	65	45	34	60	68	29	20	44	36	40	40	56	63	53	50	68	50	32	46	40	56	34	54	48	44	10	20	50	51	380	31	64	40	57	35	47	40	80	52	39	62	64	59	80					
12	"Число открепительных удостоверений, выданных избирателям на избирательных участках"	3170	53	57	51	58	51	36	39	47	55	29	48	38	45	75	62	46	54	59	43	30	59	64	29	14	43	36	36	35	52	59	48	50	66	45	31	46	40	56	34	49	43	44	7	14	48	45	375	29	64	38	57	33	46	37	72	49	38	62	64	57	80					
13	"Число избирателей, проголосовавших по открепительным удостоверениям"	1588	34	28	21	24	18	23	31	31	21	20	36	21	15	10	27	16	34	13	19	57	18	29	37	15	36	35	18	36	47	29	37	34	15	16	29	21	21	25	65	42	7	17	11	21	13	30	18	22	23	20	68	29	16	29	16	59	22	22	17	12	12					
14	Число неиспользованных открепительных удостоверений	139	5	0	4	1	0	4	0	0	0	0	1	0	5	0	8	0	1	6	2	4	1	4	0	6	1	0	4	5	4	4	5	0	2	5	1	0	0	0	0	5	5	0	3	6	2	6	5	2	0	2	0	2	1	3	8	3	1	0	0	2	0					
15	"Число открепительных удостоверений, выданных избирателям ТИК"	183	2	4	4	2	1	1	4	1	3	2	3	1	4	4	2	0	1	2	2	1	3	2	2	0	10	7	4	3	3	2	3	8	10	9	1	3	6	4	3	4	5	7	0	0	0	3	1	1	1	1	3	7	2	1	5	3	2	2	4	3	1					
16	Число утраченных избирательных бюллетеней	0	0	0	0	0	0	0	0	0	0	0	0	0	0	0	0	0	0	0	0	0	0	0	0	0	0	0	0	0	0	0	0	0	0	0	0	0	0	0	0	0	0	0	0	0	0	0	0	0	0	0	0	0	0	0	0	0	0	0	0	0	0					
17	"Число избирательных бюллетеней, не учтенных при получении"	0	0	0	0	0	0	0	0	0	0	0	0	0	0	0	0	0	0	0	0	0	0	0	0	0	0	0	0	0	0	0	0	0	0	0	0	0	0	0	0	0	0	0	0	0	0	0	0	0	0	0	0	0	0	0	0	0	0	0	0	0	0					
17а	Число утраченных открепительных удостоверений	0	0	0	0	0	0	0	0	0	0	0	0	0	0	0	0	0	0	0	0	0	0	0	0	0	0	0	0	0	0	0	0	0	0	0	0	0	0	0	0	0	0	0	0	0	0	0	0	0	0	0	0	0	0	0	0	0	0	0	0	0	0					
17б	"Число открепительных удостоверений, не учтенных при получении"	0	0	0	0	0	0	0	0	0	0	0	0	0	0	0	0	0	0	0	0	0	0	0	0	0	0	0	0	0	0	0	0	0	0	0	0	0	0	0	0	0	0	0	0	0	0	0	0	0	0	0	0	0	0	0	0	0	0	0	0	0	0					
"Число голосов избирателей, поданных за каждый список"																																																																				
18	Богданов Андрей Владимирович	1473	32	35	28	17	16	23	24	16	15	28	17	19	43	36	38	22	29	33	22	23	27	48	14	18	17	14	39	26	22	32	38	31	28	23	18	31	19	20	18	30	18	21	12	11	41	28	17	20	24	22	20	28	7	26	18	17	24	22	33	13	22					
		1.86%	2.65%	2.28%	2.39%	1.33%	1.33%	2.73%	2.08%	1.01%	0.99%	2.34%	1.34%	1.24%	2.31%	2.50%	1.82%	1.46%	2.14%	1.87%	1.31%	1.57%	2.07%	2.37%	1.75%	6.43%	1.27%	1.03%	2.77%	1.91%	1.68%	2.20%	2.70%	1.93%	1.99%	1.61%	1.64%	1.82%	1.45%	1.29%	1.24%	1.92%	1.61%	1.69%	5.00%	4.66%	3.05%	2.03%	1.14%	2.51%	1.76%	2.10%	1.81%	2.26%	0.79%	2.30%	1.58%	1.37%	2.45%	1.62%	2.17%	0.92%	2.29%					
19	Жириновский Владимир Вольфович	6215	119	113	87	91	83	58	71	184	111	77	84	79	114	128	111	113	106	129	115	94	87	213	47	52	126	117	75	84	86	103	107	109	124	100	70	133	98	126	94	109	93	85	34	37	130	138	249	51	93	88	101	105	57	92	85	67	69	135	171	101	107					
		7.86%	9.84%	7.37%	7.41%	7.10%	6.92%	6.87%	6.15%	11.58%	7.36%	6.43%	6.62%	5.15%	6.12%	8.90%	5.31%	7.50%	7.81%	7.32%	6.84%	6.40%	6.66%	10.51%	5.89%	18.57%	9.42%	8.58%	5.33%	6.18%	6.56%	7.08%	7.60%	6.79%	8.83%	6.99%	6.39%	7.82%	7.48%	8.10%	6.46%	6.99%	8.33%	6.84%	14.17%	15.68%	9.67%	10.01%	16.64%	6.41%	6.81%	8.40%	9.12%	8.49%	6.44%	8.13%	7.46%	5.40%	7.03%	9.96%	11.23%	7.14%	11.12%					
20	Зюганов Геннадий Андреевич	14283	268	357	246	242	221	157	215	294	222	190	222	236	224	272	338	298	242	283	199	187	256	333	153	26	232	249	179	250	269	234	246	259	282	252	196	265	237	280	264	300	207	227	25	29	270	297	147	150	250	207	220	267	169	241	323	273	218	298	259	292	239					
		18.06%	22.17%	23.27%	20.95%	18.88%	18.43%	18.60%	18.63%	18.50%	14.71%	15.87%	17.51%	15.37%	12.02%	18.90%	16.16%	19.77%	17.82%	16.06%	11.83%	12.73%	19.59%	16.43%	19.17%	9.29%	17.34%	18.27%	12.73%	18.40%	20.53%	16.08%	17.47%	16.13%	20.07%	17.61%	17.88%	15.59%	18.09%	17.99%	18.16%	19.23%	18.55%	18.26%	10.42%	12.29%	20.09%	21.55%	9.83%	18.84%	18.30%	19.75%	19.87%	21.58%	19.10%	21.31%	28.33%	21.99%	22.22%	21.98%	17.01%	20.64%	24.84%					
21	Медведев Дмитрий Анатольевич	55792	776	999	796	914	864	592	821	1068	1147	878	924	1186	1457	972	1577	1047	955	1287	1326	1139	914	1402	573	175	938	967	1085	975	918	1066	1002	1181	947	1047	802	1215	938	1095	1055	1089	784	891	161	151	882	896	1067	564	907	715	749	813	634	759	699	858	662	883	1037	993	578					
		70.55%	64.19%	65.12%	67.80%	71.29%	72.06%	70.14%	71.14%	67.21%	76.01%	73.35%	72.87%	77.26%	78.17%	67.55%	75.38%	69.48%	70.32%	73.04%	78.83%	77.54%	69.93%	69.17%	71.80%	62.50%	70.10%	70.95%	77.17%	71.74%	70.08%	73.26%	71.16%	73.54%	67.40%	73.17%	73.18%	71.47%	71.60%	70.37%	72.56%	69.81%	70.25%	71.68%	67.08%	63.98%	65.63%	65.02%	71.32%	70.85%	66.40%	68.23%	67.66%	65.72%	71.64%	67.11%	61.32%	69.14%	67.48%	65.12%	68.09%	70.18%	60.08%					
																																																																				
																																																																				
																																																																				
																																																																				
																																																																				
																																																																				
																																																																				
																																																																				
																																																																				
																																																																				
																																																																				
																																																																				
																																																																				
																																																																				
																																																																				
																																																																				
																																																																				
																																																																				
