Выборы Президента Российской Федерации																																																
Дата голосования: 02.03.2008																																																
																																																
Наименование Избирательной комиссии:    Железногорская городская																																																
																																																
Сводная таблица результатов выборов																																																
																																																
	Число участковых избирательных комиссий	41																																														
	"Число участковых избирательных комиссий, приступивших к передаче сведений"	41																																														
																																																
		Сумма	УИК №696	УИК №697	УИК №698	УИК №699	УИК №700	УИК №701	УИК №702	УИК №703	УИК №704	УИК №705	УИК №706	УИК №707	УИК №708	УИК №709	УИК №710	УИК №711	УИК №712	УИК №713	УИК №714	УИК №715	УИК №716	УИК №717	УИК №718	УИК №719	УИК №720	УИК №721	УИК №722	УИК №723	УИК №724	УИК №725	УИК №726	УИК №727	УИК №728	УИК №729	УИК №730	УИК №731	УИК №732	УИК №733	УИК №734	УИК №735	УИК №2198					
1	"Число избирателей, включенных в списки избирателей"	81107	2155	2608	2376	2332	2469	1954	2225	1707	2225	1964	1798	1850	1934	2278	1645	1742	2083	1962	2134	1937	1984	1807	2642	2473	2166	2434	2647	2786	2423	2854	407	2270	2108	438	558	2612	2534	1906	551	263	1866					
2	"Число избирательных бюллетеней, полученных участковыми избирательными комиссиями"	77200	2000	2450	2250	2250	2300	2000	2000	1700	2100	1900	1700	1700	1900	2150	1550	1650	2000	1850	2050	1850	1900	1750	2600	2400	2100	2350	2550	2700	2150	2750	350	2100	2000	400	500	2500	2450	1800	500	200	1800					
3	"Число избирательных бюллетеней, выданных избирателям, проголосовавшим досрочно"	0	0	0	0	0	0	0	0	0	0	0	0	0	0	0	0	0	0	0	0	0	0	0	0	0	0	0	0	0	0	0	0	0	0	0	0	0	0	0	0	0	0					
4	"Число избирательных бюллетеней, выданных в помещениях для голосования в день голосования"	50670	1300	1665	1465	1466	1664	1341	1615	1088	1456	1165	1153	1188	1185	1402	988	975	1287	1164	1364	1187	1163	1154	1712	1657	1424	1597	1664	1796	1591	1810	252	1158	1227	238	292	1581	1551	1051	276	166	1192					
5	"Число избирательных бюллетеней, выданных вне помещений для голосования в день голосования"	1180	37	32	39	45	35	23	71	25	28	47	24	26	23	200	13	35	26	17	14	30	26	16	18	24	20	17	13	18	5	15	5	36	26	6	23	17	28	26	18	8	25					
6	Число погашенных избирательных бюллетеней	25350	663	753	746	739	601	636	314	587	616	688	523	486	692	548	549	640	687	669	672	633	711	580	870	719	656	736	873	886	554	925	93	906	747	156	185	902	871	723	206	26	583					
7	Число избирательных бюллетеней в переносных ящиках для голосования	1180	37	32	39	45	35	23	71	25	28	47	24	26	23	200	13	35	26	17	14	30	26	16	18	24	20	17	13	18	5	15	5	36	26	6	23	17	28	26	18	8	25					
8	Число бюллетеней в стационарных ящиках для голосования	50612	1300	1660	1462	1465	1662	1336	1613	1085	1452	1165	1152	1185	1185	1396	988	972	1286	1163	1362	1185	1163	1154	1711	1657	1424	1595	1661	1795	1590	1810	251	1157	1227	238	292	1581	1549	1051	276	166	1190					
9	Число недействительных избирательных бюллетеней	968	23	33	0	31	37	33	23	17	35	21	27	19	19	26	15	14	31	28	32	16	22	22	32	26	35	29	54	27	44	53	5	13	23	1	14	27	25	9	2	5	20					
10	Число действительных избирательных бюллетеней	50824	1314	1659	1501	1479	1660	1326	1661	1093	1445	1191	1149	1192	1189	1570	986	993	1281	1152	1344	1199	1167	1148	1697	1655	1409	1583	1620	1786	1551	1772	251	1180	1230	243	301	1571	1552	1068	292	169	1195					
11	Число полученных открепительных  удостоверений	938	10	60	30	20	20	20	36	10	20	30	20	10	10	20	20	20	20	20	25	30	20	20	50	35	30	20	30	50	30	20	3	10	20	10	10	20	35	24	10	10	30					
12	"Число открепительных удостоверений, выданных избирателям на избирательных участках"	728	9	51	23	13	16	19	21	10	14	20	20	8	9	15	12	6	13	14	24	23	15	19	39	28	24	18	27	39	22	14	0	10	17	7	1	20	34	24	1	2	27					
13	"Число избирателей, проголосовавших по открепительным удостоверениям"	217	5	6	5	3	10	0	8	4	7	1	15	4	12	11	1	1	5	4	2	3	3	7	4	5	1	7	0	7	4	5	3	1	15	5	1	8	7	7	1	11	8					
14	Число неиспользованных открепительных удостоверений	210	1	9	7	7	4	1	15	0	6	10	0	2	1	5	8	14	7	6	1	7	5	1	11	7	6	2	3	11	8	6	3	0	3	3	9	0	1	0	9	8	3					
15	"Число открепительных удостоверений, выданных избирателям ТИК"	11	0	0	0	0	2	0	1	1	0	0	0	0	0	0	0	0	0	0	0	0	1	0	1	2	0	0	2	0	1	0	0	0	0	0	0	0	0	0	0	0	0					
16	Число утраченных избирательных бюллетеней	0	0	0	0	0	0	0	0	0	0	0	0	0	0	0	0	0	0	0	0	0	0	0	0	0	0	0	0	0	0	0	0	0	0	0	0	0	0	0	0	0	0					
17	"Число избирательных бюллетеней, не учтенных при получении"	0	0	0	0	0	0	0	0	0	0	0	0	0	0	0	0	0	0	0	0	0	0	0	0	0	0	0	0	0	0	0	0	0	0	0	0	0	0	0	0	0	0					
17а	Число утраченных открепительных удостоверений	0	0	0	0	0	0	0	0	0	0	0	0	0	0	0	0	0	0	0	0	0	0	0	0	0	0	0	0	0	0	0	0	0	0	0	0	0	0	0	0	0	0					
17б	"Число открепительных удостоверений, не учтенных при получении"	0	0	0	0	0	0	0	0	0	0	0	0	0	0	0	0	0	0	0	0	0	0	0	0	0	0	0	0	0	0	0	0	0	0	0	0	0	0	0	0	0	0					
"Число голосов избирателей, поданных за каждый список"																																																
18	Богданов Андрей Владимирович	943	22	29	25	30	31	33	27	23	25	25	38	37	17	25	18	18	20	15	25	14	18	18	39	29	26	22	30	53	29	37	7	15	29	4	2	22	16	25	1	1	23					
		1.82%	1.65%	1.71%	1.67%	1.99%	1.83%	2.43%	1.60%	2.07%	1.69%	2.06%	3.23%	3.06%	1.41%	1.57%	1.80%	1.79%	1.52%	1.27%	1.82%	1.15%	1.51%	1.54%	2.26%	1.73%	1.80%	1.36%	1.79%	2.92%	1.82%	2.03%	2.73%	1.26%	2.31%	1.64%	0.63%	1.38%	1.01%	2.32%	0.34%	0.57%	1.89%					
19	Жириновский Владимир Вольфович	8430	265	312	256	189	238	178	301	175	187	170	156	214	223	281	171	168	222	188	221	184	205	175	219	245	218	289	289	286	306	310	43	242	227	42	68	249	246	200	62	26	184					
		16.28%	19.82%	18.44%	17.06%	12.52%	14.02%	13.10%	17.87%	15.77%	12.64%	14.03%	13.27%	17.67%	18.46%	17.61%	17.08%	16.68%	16.92%	15.93%	16.06%	15.14%	17.24%	14.96%	12.67%	14.57%	15.10%	17.93%	17.26%	15.77%	19.18%	16.99%	16.80%	20.28%	18.12%	17.21%	21.59%	15.58%	15.60%	18.57%	21.09%	14.94%	15.14%					
20	Зюганов Геннадий Андреевич	10466	230	251	348	329	365	302	233	277	342	297	249	246	260	296	184	160	255	222	295	287	234	265	376	327	326	298	289	347	246	290	53	199	240	56	41	392	479	207	90	22	261					
		20.21%	17.20%	14.83%	23.18%	21.79%	21.51%	22.22%	13.84%	24.95%	23.11%	24.50%	21.17%	20.31%	21.52%	18.55%	18.38%	15.89%	19.44%	18.81%	21.44%	23.62%	19.68%	22.65%	21.75%	19.45%	22.58%	18.49%	17.26%	19.14%	15.42%	15.89%	20.70%	16.68%	19.15%	22.95%	13.02%	24.53%	30.37%	19.22%	30.61%	12.64%	21.48%					
21	Медведев Дмитрий Анатольевич	30985	797	1067	872	931	1026	813	1100	618	891	699	706	695	689	968	613	647	784	727	803	714	710	690	1063	1054	839	974	1012	1100	970	1135	148	724	734	141	190	908	811	636	139	120	727					
		59.83%	59.61%	63.06%	58.09%	61.66%	60.46%	59.82%	65.32%	55.68%	60.20%	57.67%	60.03%	57.39%	57.04%	60.65%	61.24%	64.25%	59.76%	61.61%	58.36%	58.77%	59.71%	58.97%	61.48%	62.70%	58.10%	60.42%	60.45%	60.67%	60.82%	62.19%	57.81%	60.69%	58.58%	57.79%	60.32%	56.82%	51.43%	59.05%	47.28%	68.97%	59.84%					
																																																
																																																
																																																
																																																
																																																
																																																
																																																
																																																
																																																
																																																
																																																
																																																
																																																
																																																
																																																
																																																
																																																
																																																
