Выборы Президента Российской Федерации																																																																					
Дата голосования: 04.03.2012																																																																					
																																																																					
Наименование Избирательной комиссии:    Оренбургская																																																																					
																																																																					
Сводная таблица итогов голосования																																																																					
																																																																					
	Число участковых избирательных комиссий	58																																																																			
	Число участковых избирательных комиссий, приступивших к передаче сведений	58																																																																			
																																																																					
		Сумма	УИК №1125	УИК №1126	УИК №1128	УИК №1129	УИК №1130	УИК №1131	УИК №1132	УИК №1133	УИК №1134	УИК №1135	УИК №1136	УИК №1137	УИК №1138	УИК №1139	УИК №1140	УИК №1141	УИК №1142	УИК №1143	УИК №1144	УИК №1145	УИК №1146	УИК №1147	УИК №1148	УИК №1149	УИК №1150	УИК №1151	УИК №1152	УИК №1153	УИК №1154	УИК №1155	УИК №1156	УИК №1157	УИК №1158	УИК №1159	УИК №1160	УИК №1161	УИК №1162	УИК №1163	УИК №1164	УИК №1165	УИК №1166	УИК №1167	УИК №1168	УИК №1169	УИК №1170	УИК №1171	УИК №1172	УИК №1173	УИК №1174	УИК №1175	УИК №1176	УИК №1177	УИК №1178	УИК №1179	УИК №1180	УИК №1181	УИК №1824	УИК №1829									
1	Число избирателей, включенных в список избирателей	58792	2101	383	1500	925	762	316	174	1831	1155	311	2914	1844	861	492	926	309	362	179	808	1121	1068	207	267	408	628	450	334	923	265	885	1119	546	860	929	550	1575	924	1401	1266	1584	1027	1506	645	1348	1054	2629	2400	1124	991	655	224	2239	547	2550	1249	1162	1636	343									
2	Число избирательных бюллетеней, полученных участковой избирательной комиссией	57273	2063	390	1491	936	776	336	179	1724	1049	307	2893	1815	863	493	913	319	369	173	785	1135	1068	213	274	408	639	450	327	923	262	889	1121	543	890	938	559	1623	866	1287	1234	1542	1005	1424	632	1328	1051	2715	2062	1107	994	653	231	2148	421	2385	1136	1149	1426	341									
3	Число избирательных бюллетеней, выданных избирателям, проголосовавшим досрочно	0	0	0	0	0	0	0	0	0	0	0	0	0	0	0	0	0	0	0	0	0	0	0	0	0	0	0	0	0	0	0	0	0	0	0	0	0	0	0	0	0	0	0	0	0	0	0	0	0	0	0	0	0	0	0	0	0	0	0									
4	Число избирательных бюллетеней, выданных в помещении для голосования в день голосования	34362	1030	176	1006	523	384	172	97	1026	764	177	1885	1154	523	271	584	174	193	92	421	624	529	104	135	240	314	244	183	492	116	553	714	267	442	488	350	864	689	779	645	907	605	886	354	836	540	1417	1481	542	594	372	130	1375	243	1709	927	805	1040	175									
5	Число избирательных бюллетеней, выданных вне помещения для голосования в день голосования	1733	60	33	59	29	30	11	2	45	7	17	37	19	15	13	27	17	20	12	35	38	56	14	16	7	28	18	10	26	22	36	19	21	30	60	11	30	7	26	14	24	22	37	10	32	23	84	84	45	32	11	7	48	124	52	18	31	39	33									
6	Число погашенных избирательных бюллетеней	21178	973	181	426	384	362	153	80	653	278	113	971	642	325	209	302	128	156	69	329	473	483	95	123	161	297	188	134	405	124	300	388	255	418	390	198	729	170	482	575	611	378	501	268	460	488	1214	497	520	368	270	94	725	54	624	191	313	347	133									
7	Число избирательных бюллетеней в переносных ящиках для голосования	1733	60	33	59	29	30	11	2	45	7	17	37	19	15	13	27	17	20	12	35	38	56	14	16	7	28	18	10	26	22	36	19	21	30	60	11	30	7	26	14	24	22	37	10	32	23	84	84	45	32	11	7	48	124	52	18	31	39	33									
8	Число бюллетеней в стационарных ящиках для голосования	34360	1030	176	1006	523	384	172	97	1026	764	177	1885	1154	523	271	584	174	193	92	421	624	529	104	135	240	314	244	183	492	116	553	714	267	442	488	350	864	688	779	645	907	605	886	354	836	540	1417	1481	542	594	372	130	1374	243	1709	927	805	1040	175									
9	Число недействительных избирательных бюллетеней	329	15	0	12	3	1	1	2	6	5	3	23	13	4	2	7	2	0	1	3	3	3	0	1	2	4	1	0	2	0	2	4	1	2	10	4	5	4	5	9	9	5	9	3	10	6	21	15	4	2	3	0	20	5	20	13	12	7	0									
10	Число действительных избирательных бюллетеней	35764	1075	209	1053	549	413	182	97	1065	766	191	1899	1160	534	282	604	189	213	103	453	659	582	118	150	245	338	261	193	516	138	587	729	287	470	538	357	889	691	800	650	922	622	914	361	858	557	1480	1550	583	624	380	137	1402	362	1741	932	824	1072	208									
11	Число полученных открепительных  удостоверений	437	8	3	11	7	9	12	3	8	14	2	26	8	6	3	4	2	3	1	4	15	4	6	2	3	6	1	4	10	4	4	5	3	7	6	9	8	8	13	9	15	4	8	2	6	4	16	14	3	4	7	2	20	3	24	19	11	9	5									
12	Число открепительных удостоверений, выданных избирателям на избирательном участке	436	8	3	11	7	9	12	3	8	14	2	26	8	6	3	4	2	3	1	4	15	4	6	2	3	6	1	4	10	4	4	5	3	7	6	9	8	8	13	9	15	4	8	2	6	4	16	14	3	4	7	2	20	3	23	19	11	9	5									
13	Число избирателей, проголосовавших по открепительным удостоверениям	644	6	1	15	9	7	2	2	9	13	0	34	19	2	6	4	3	1	2	6	1	2	0	1	10	2	3	18	3	1	4	5	7	1	5	1	12	12	13	5	12	13	12	1	13	8	29	9	15	3	2	1	19	3	138	100	7	12	0									
14	Число неиспользованных открепительных удостоверений	1	0	0	0	0	0	0	0	0	0	0	0	0	0	0	0	0	0	0	0	0	0	0	0	0	0	0	0	0	0	0	0	0	0	0	0	0	0	0	0	0	0	0	0	0	0	0	0	0	0	0	0	0	0	1	0	0	0	0									
15	Число открепительных удостоверений, выданных избирателям ТИК	70	1	0	0	0	2	1	0	0	7	0	3	2	1	0	0	0	0	0	0	1	1	1	0	0	1	0	1	4	0	0	2	1	1	1	5	1	2	3	1	7	0	4	0	0	0	2	3	1	1	0	0	0	0	4	3	0	2	0									
16	Число утраченных открепительных удостоверений	0	0	0	0	0	0	0	0	0	0	0	0	0	0	0	0	0	0	0	0	0	0	0	0	0	0	0	0	0	0	0	0	0	0	0	0	0	0	0	0	0	0	0	0	0	0	0	0	0	0	0	0	0	0	0	0	0	0	0									
17	Число утраченных избирательных бюллетеней	0	0	0	0	0	0	0	0	0	0	0	0	0	0	0	0	0	0	0	0	0	0	0	0	0	0	0	0	0	0	0	0	0	0	0	0	0	0	0	0	0	0	0	0	0	0	0	0	0	0	0	0	0	0	0	0	0	0	0									
18	Число избирательных бюллетеней, не учтенных при получении	0	0	0	0	0	0	0	0	0	0	0	0	0	0	0	0	0	0	0	0	0	0	0	0	0	0	0	0	0	0	0	0	0	0	0	0	0	0	0	0	0	0	0	0	0	0	0	0	0	0	0	0	0	0	0	0	0	0	0									
																																																																					
19	Жириновский Владимир Вольфович	2664	65	2	78	34	19	15	1	62	48	20	116	90	59	31	51	8	9	0	32	31	38	3	1	14	24	9	8	57	9	70	63	18	39	34	28	81	48	72	33	66	56	85	49	61	50	115	157	40	62	35	5	99	41	124	35	68	80	16									
		7.38%	5.96%	0.96%	7.32%	6.16%	4.59%	8.20%	1.01%	5.79%	6.23%	10.31%	6.04%	7.67%	10.97%	10.92%	8.35%	4.19%	4.23%	0.00%	7.02%	4.68%	6.50%	2.54%	0.66%	5.67%	7.02%	3.44%	4.15%	11.00%	6.52%	11.88%	8.59%	6.25%	8.26%	6.20%	7.76%	9.06%	6.91%	8.94%	5.01%	7.09%	8.93%	9.21%	13.46%	7.03%	8.88%	7.66%	10.03%	6.81%	9.90%	9.14%	3.65%	6.96%	11.17%	7.04%	3.70%	8.13%	7.41%	7.69%									
20	Зюганов Геннадий Андреевич	8805	379	108	271	140	78	36	27	286	178	21	490	345	138	76	184	60	36	23	102	174	153	23	30	48	83	44	36	115	34	136	167	64	143	110	71	220	177	185	187	226	128	164	67	205	119	342	299	166	208	99	35	403	50	378	185	195	293	65									
		24.40%	34.77%	51.67%	25.45%	25.36%	18.84%	19.67%	27.27%	26.70%	23.09%	10.82%	25.49%	29.41%	25.65%	26.76%	30.11%	31.41%	16.90%	22.12%	22.37%	26.28%	26.15%	19.49%	19.87%	19.43%	24.27%	16.79%	18.65%	22.20%	24.64%	23.09%	22.78%	22.22%	30.30%	20.07%	19.67%	24.61%	25.47%	22.98%	28.38%	24.27%	20.41%	17.77%	18.41%	23.62%	21.14%	22.78%	19.11%	28.28%	33.23%	25.85%	25.55%	28.34%	13.62%	21.47%	19.58%	23.33%	27.15%	31.25%									
21	Миронов Сергей Михайлович	1976	35	3	40	32	35	22	6	46	32	10	97	42	17	11	21	9	6	9	29	41	32	6	17	4	38	10	7	39	6	38	71	2	23	78	6	47	39	34	24	41	17	39	20	30	37	81	60	32	31	17	7	74	27	95	43	196	46	19									
		5.47%	3.21%	1.44%	3.76%	5.80%	8.45%	12.02%	6.06%	4.30%	4.15%	5.15%	5.05%	3.58%	3.16%	3.87%	3.44%	4.71%	2.82%	8.65%	6.36%	6.19%	5.47%	5.08%	11.26%	1.62%	11.11%	3.82%	3.63%	7.53%	4.35%	6.45%	9.69%	0.69%	4.87%	14.23%	1.66%	5.26%	5.61%	4.22%	3.64%	4.40%	2.71%	4.23%	5.49%	3.46%	6.57%	5.40%	3.83%	5.45%	4.95%	4.44%	5.11%	5.20%	7.36%	5.39%	4.55%	23.44%	4.26%	9.13%									
22	Прохоров Михаил Дмитриевич	2275	34	1	63	34	9	6	1	89	99	11	182	77	27	5	24	4	9	5	15	31	12	4	1	15	7	4	12	28	15	19	43	3	9	25	14	61	75	62	46	83	24	46	7	35	26	71	73	18	27	14	3	112	17	185	171	47	129	6									
		6.30%	3.12%	0.48%	5.92%	6.16%	2.17%	3.28%	1.01%	8.31%	12.84%	5.67%	9.47%	6.56%	5.02%	1.76%	3.93%	2.09%	4.23%	4.81%	3.29%	4.68%	2.05%	3.39%	0.66%	6.07%	2.05%	1.53%	6.22%	5.41%	10.87%	3.23%	5.87%	1.04%	1.91%	4.56%	3.88%	6.82%	10.79%	7.70%	6.98%	8.92%	3.83%	4.98%	1.92%	4.03%	4.62%	4.73%	4.66%	3.07%	4.31%	3.66%	2.19%	7.88%	4.63%	10.51%	18.10%	5.62%	11.96%	2.88%									
23	Путин Владимир Владимирович	20044	562	95	601	309	272	103	62	582	409	129	1014	606	293	159	324	108	153	66	275	382	347	82	101	164	186	194	130	277	74	324	385	200	256	291	238	480	352	447	360	506	397	580	218	527	325	871	961	327	296	215	87	714	227	959	498	318	524	102									
		55.53%	51.56%	45.45%	56.43%	55.98%	65.70%	56.28%	62.63%	54.34%	53.05%	66.49%	52.76%	51.66%	54.46%	55.99%	53.03%	56.54%	71.83%	63.46%	60.31%	57.70%	59.32%	69.49%	66.89%	66.40%	54.39%	74.05%	67.36%	53.47%	53.62%	55.01%	52.52%	69.44%	54.24%	53.10%	65.93%	53.69%	50.65%	55.53%	54.63%	54.35%	63.32%	62.84%	59.89%	60.71%	57.73%	58.03%	61.41%	55.71%	47.28%	56.14%	63.50%	50.21%	61.85%	54.46%	52.70%	38.04%	48.56%	49.04%									
																																																																					
																																																																					
																																																																					
																																																																					
																																																																					
																																																																					
																																																																					
																																																																					
																																																																					
																																																																					
																																																																					
																																																																					
																																																																					
																																																																					
																																																																					
																																																																					
																																																																					
																																																																					
																																																																					
																																																																					
																																																																					
																																																																					
																																																																					
																																																																					
																																																																					
																																																																					
																																																																					
