Выборы Президента Российской Федерации																																																																																	
Дата голосования: 04.03.2012																																																																																	
																																																																																	
Наименование Избирательной комиссии:    Нижний Новгород, Нижегородская																																																																																	
																																																																																	
Сводная таблица итогов голосования																																																																																	
																																																																																	
	Число участковых избирательных комиссий	70																																																																															
	Число участковых избирательных комиссий, приступивших к передаче сведений	70																																																																															
																																																																																	
		Сумма	УИК №610	УИК №611	УИК №612	УИК №630	УИК №631	УИК №1612	УИК №1613	УИК №1614	УИК №1615	УИК №1616	УИК №1617	УИК №1618	УИК №1619	УИК №1620	УИК №1621	УИК №1622	УИК №1623	УИК №1624	УИК №1625	УИК №1626	УИК №1627	УИК №1628	УИК №1629	УИК №1630	УИК №1631	УИК №1632	УИК №1633	УИК №1634	УИК №1635	УИК №1636	УИК №1637	УИК №1638	УИК №1639	УИК №1640	УИК №1641	УИК №1642	УИК №1643	УИК №1644	УИК №1645	УИК №1646	УИК №1647	УИК №1648	УИК №1649	УИК №1650	УИК №1651	УИК №1652	УИК №1653	УИК №1654	УИК №1655	УИК №1656	УИК №1657	УИК №1658	УИК №1659	УИК №1660	УИК №1661	УИК №1662	УИК №1663	УИК №1664	УИК №1665	УИК №1666	УИК №1667	УИК №1771	УИК №2502	УИК №2503	УИК №2504	УИК №2505	УИК №2506	УИК №2507	УИК №2508	УИК №2509									
1	Число избирателей, включенных в список избирателей	124642	2293	1717	943	2199	1922	1533	1716	1563	2033	1532	2567	2246	1605	2386	1370	2136	1630	1732	2239	1521	2520	2084	2378	2442	1538	1965	1574	1328	1376	1031	1516	2253	2694	1277	2552	2420	2511	1796	1659	2223	1892	2390	2391	1315	2531	2898	2448	2361	2381	2695	2155	2503	2652	2663	2495	1182	1275	2182	2268	1300	2704	1844	12	12	12	12	12	12	13	12									
2	Число избирательных бюллетеней, полученных участковой избирательной комиссией	105697	2300	2300	1300	2600	2400	1150	1450	1200	1650	1200	1850	1700	1350	1800	1150	1750	1350	1450	1850	1300	1950	1850	2100	2100	1250	1600	1250	1200	1150	800	1200	1900	2250	1000	1900	1800	2150	1450	1350	2000	1600	2250	2050	1050	1900	2300	2050	1900	2050	2150	1850	2050	2150	2200	2100	850	1000	2000	1900	1100	2200	1550	12	12	12	12	12	12	13	12									
3	Число избирательных бюллетеней, выданных избирателям, проголосовавшим досрочно	97	0	0	0	0	0	0	0	0	0	0	0	0	0	0	0	0	0	0	0	0	0	0	0	0	0	0	0	0	0	0	0	0	0	0	0	0	0	0	0	0	0	0	0	0	0	0	0	0	0	0	0	0	0	0	0	0	0	0	0	0	0	0	12	12	12	12	12	12	13	12									
4	Число избирательных бюллетеней, выданных в помещении для голосования в день голосования	78674	2293	1717	943	2199	1922	982	1079	698	1327	1079	1445	1387	807	1444	887	1425	1056	928	1483	873	1419	1385	1565	1585	957	946	974	745	860	597	609	1266	1594	781	1412	1106	1423	1073	1142	1447	1267	1687	1615	678	1662	1802	1619	1555	1457	1872	1420	1476	1650	1599	1611	435	600	1106	1355	829	1733	786	0	0	0	0	0	0	0	0									
5	Число избирательных бюллетеней, выданных вне помещения для голосования в день голосования	4636	0	0	0	0	0	14	29	115	6	17	240	52	22	259	6	104	69	11	67	12	55	72	70	85	19	58	33	7	16	41	562	27	73	11	340	224	38	16	16	71	13	19	24	57	40	31	32	42	6	12	18	21	28	29	12	318	239	747	8	9	35	39	0	0	0	0	0	0	0	0									
6	Число погашенных избирательных бюллетеней	22290	7	583	357	401	478	154	342	387	317	104	165	261	521	97	257	221	225	511	300	415	476	393	465	430	274	596	243	448	274	162	29	607	583	208	148	470	689	361	192	482	320	544	411	315	198	467	399	303	587	266	412	553	472	572	477	97	161	147	537	262	432	725	0	0	0	0	0	0	0	0									
7	Число избирательных бюллетеней в переносных ящиках для голосования	4733	0	0	0	0	0	14	29	115	6	17	240	52	22	259	6	104	69	11	67	12	55	72	70	85	19	58	33	7	16	41	562	27	73	11	340	224	38	16	16	71	13	19	24	57	40	31	32	42	6	12	18	21	28	29	12	318	239	747	8	9	35	39	12	12	12	12	12	12	13	12									
8	Число бюллетеней в стационарных ящиках для голосования	78145	2293	1717	942	2199	1922	982	1079	698	1278	1079	1445	1387	806	1402	869	1398	1053	928	1462	873	1369	1385	1539	1580	957	946	974	745	860	597	582	1266	1591	779	1411	1106	1423	1072	1142	1447	1220	1668	1606	678	1656	1802	1609	1551	1457	1833	1413	1413	1650	1599	1578	435	600	1104	1355	824	1733	778	0	0	0	0	0	0	0	0									
9	Число недействительных избирательных бюллетеней	912	0	0	1	0	0	34	9	11	5	11	23	15	13	18	13	21	15	9	20	21	22	17	21	20	15	15	15	13	24	7	10	18	16	12	21	19	18	9	15	11	16	13	14	14	15	24	12	11	13	42	14	32	18	21	13	9	10	16	13	9	18	5	0	0	1	0	0	1	0	1									
10	Число действительных избирательных бюллетеней	81966	2293	1717	941	2199	1922	962	1099	802	1279	1085	1662	1424	815	1643	862	1481	1107	930	1509	864	1402	1440	1588	1645	961	989	992	739	852	631	1134	1275	1648	778	1730	1311	1443	1079	1143	1507	1217	1674	1616	721	1681	1809	1629	1582	1450	1803	1417	1402	1660	1607	1577	744	829	1835	1350	824	1750	812	12	12	11	12	12	11	13	11									
11	Число полученных открепительных  удостоверений	4349	0	0	0	0	0	105	75	20	70	56	100	115	20	80	85	75	110	35	120	83	78	116	108	115	25	80	55	20	20	20	75	105	30	20	112	110	80	55	46	100	105	116	111	30	110	115	110	105	108	75	80	80	110	85	80	20	35	70	20	70	80	115	0	0	0	0	0	0	0	0									
12	Число открепительных удостоверений, выданных избирателям на избирательном участке	4274	0	0	0	0	0	104	75	17	70	53	97	115	18	80	83	74	106	34	114	83	77	116	107	114	20	80	55	20	20	16	71	103	26	19	111	107	80	55	46	100	105	116	111	30	110	114	110	105	108	75	80	78	108	82	80	12	34	68	20	68	79	115	0	0	0	0	0	0	0	0									
13	Число избирателей, проголосовавших по открепительным удостоверениям	5269	0	0	0	0	0	93	74	71	84	168	133	124	54	125	118	115	111	47	191	16	133	30	66	104	73	93	125	85	67	60	88	64	82	73	89	96	58	101	118	80	88	74	127	47	151	122	102	107	90	105	80	71	98	86	109	55	108	134	61	55	93	97	0	0	0	0	0	0	0	0									
14	Число неиспользованных открепительных удостоверений	75	0	0	0	0	0	1	0	3	0	3	3	0	2	0	2	1	4	1	6	0	1	0	1	1	5	0	0	0	0	4	4	2	4	1	1	3	0	0	0	0	0	0	0	0	0	1	0	0	0	0	0	2	2	3	0	8	1	2	0	2	1	0	0	0	0	0	0	0	0	0									
15	Число открепительных удостоверений, выданных избирателям ТИК	29	0	0	0	0	0	0	0	0	0	0	1	1	0	0	0	0	0	0	0	0	0	0	0	4	0	0	1	2	0	0	0	1	3	0	1	0	0	1	0	0	0	2	1	0	0	0	0	0	3	1	0	1	0	2	1	1	0	0	0	2	0	0	0	0	0	0	0	0	0	0									
16	Число утраченных открепительных удостоверений	0	0	0	0	0	0	0	0	0	0	0	0	0	0	0	0	0	0	0	0	0	0	0	0	0	0	0	0	0	0	0	0	0	0	0	0	0	0	0	0	0	0	0	0	0	0	0	0	0	0	0	0	0	0	0	0	0	0	0	0	0	0	0	0	0	0	0	0	0	0	0									
17	Число утраченных избирательных бюллетеней	0	0	0	0	0	0	0	0	0	0	0	0	0	0	0	0	0	0	0	0	0	0	0	0	0	0	0	0	0	0	0	0	0	0	0	0	0	0	0	0	0	0	0	0	0	0	0	0	0	0	0	0	0	0	0	0	0	0	0	0	0	0	0	0	0	0	0	0	0	0	0									
18	Число избирательных бюллетеней, не учтенных при получении	0	0	0	0	0	0	0	0	0	0	0	0	0	0	0	0	0	0	0	0	0	0	0	0	0	0	0	0	0	0	0	0	0	0	0	0	0	0	0	0	0	0	0	0	0	0	0	0	0	0	0	0	0	0	0	0	0	0	0	0	0	0	0	0	0	0	0	0	0	0	0									
																																																																																	
19	Жириновский Владимир Вольфович	3499	22	16	9	33	5	54	42	50	66	46	49	63	45	75	45	55	50	68	62	33	68	35	51	64	47	51	37	50	28	25	31	53	67	38	38	48	107	60	35	68	84	98	79	42	80	61	81	73	92	80	100	70	83	76	107	44	47	100	63	42	61	34	6	0	0	0	0	2	3	2									
		4.22%	0.96%	0.93%	0.96%	1.50%	0.26%	5.42%	3.79%	6.15%	5.14%	4.20%	2.91%	4.38%	5.43%	4.52%	5.14%	3.66%	4.46%	7.24%	4.05%	3.73%	4.78%	2.40%	3.17%	3.84%	4.82%	5.08%	3.67%	6.65%	3.20%	3.92%	2.71%	4.10%	4.03%	4.81%	2.17%	3.61%	7.32%	5.51%	3.02%	4.48%	6.81%	5.81%	4.85%	5.71%	4.72%	3.33%	4.94%	4.58%	6.29%	4.34%	6.99%	4.88%	4.95%	4.67%	6.73%	5.84%	5.60%	5.40%	4.62%	5.04%	3.45%	4.16%	50.00%	0.00%	0.00%	0.00%	0.00%	16.67%	23.08%	16.67%									
20	Зюганов Геннадий Андреевич	14631	1	1	0	11	0	210	225	143	236	176	290	183	191	274	146	274	194	199	271	156	255	356	344	409	210	168	185	139	178	118	105	310	386	177	283	248	312	231	260	328	313	379	387	105	331	287	331	351	331	313	325	361	397	342	326	155	174	272	285	181	342	144	3	3	2	1	2	1	3	1									
		17.65%	0.04%	0.06%	0.00%	0.50%	0.00%	21.08%	20.31%	17.59%	18.38%	16.06%	17.21%	12.72%	23.07%	16.50%	16.69%	18.24%	17.29%	21.19%	17.72%	17.63%	17.91%	24.43%	21.38%	24.56%	21.52%	16.73%	18.37%	18.48%	20.32%	18.50%	9.18%	23.98%	23.20%	22.41%	16.16%	18.65%	21.36%	21.23%	22.45%	21.61%	25.39%	22.47%	23.74%	14.29%	19.52%	15.66%	20.17%	22.03%	22.62%	16.96%	22.71%	25.17%	23.66%	21.01%	20.50%	20.58%	20.74%	14.69%	20.91%	21.73%	19.34%	17.63%	25.00%	25.00%	16.67%	8.33%	16.67%	8.33%	23.08%	8.33%									
21	Миронов Сергей Михайлович	3098	23	17	8	0	8	30	41	31	45	41	56	47	42	82	40	89	49	43	61	37	78	69	78	80	53	53	33	28	49	43	21	68	67	36	66	42	58	42	53	60	48	77	68	35	50	79	68	50	64	47	59	45	73	62	68	27	38	48	71	34	76	43	0	0	0	0	1	0	0	0									
		3.74%	1.00%	0.99%	0.85%	0.00%	0.42%	3.01%	3.70%	3.81%	3.50%	3.74%	3.32%	3.27%	5.07%	4.94%	4.57%	5.93%	4.37%	4.58%	3.99%	4.18%	5.48%	4.74%	4.85%	4.80%	5.43%	5.28%	3.28%	3.72%	5.59%	6.74%	1.84%	5.26%	4.03%	4.56%	3.77%	3.16%	3.97%	3.86%	4.58%	3.95%	3.89%	4.56%	4.17%	4.76%	2.95%	4.31%	4.14%	3.14%	4.37%	2.55%	4.12%	3.14%	4.35%	3.81%	4.28%	3.59%	4.53%	2.59%	5.21%	4.08%	4.30%	5.26%	0.00%	0.00%	0.00%	0.00%	8.33%	0.00%	0.00%	0.00%									
22	Прохоров Михаил Дмитриевич	11436	69	52	28	52	25	110	106	95	250	223	237	236	131	227	110	217	170	186	280	247	238	289	370	262	197	208	226	165	202	148	108	222	329	193	300	183	226	155	117	204	141	210	210	106	184	467	125	188	182	287	166	149	217	244	200	40	75	85	191	143	308	117	1	0	2	3	0	1	0	1									
		13.80%	3.01%	3.03%	2.97%	2.36%	1.30%	11.04%	9.57%	11.69%	19.47%	20.35%	14.07%	16.40%	15.82%	13.67%	12.57%	14.45%	15.15%	19.81%	18.31%	27.91%	16.71%	19.84%	22.99%	15.74%	20.18%	20.72%	22.44%	21.94%	23.06%	23.20%	9.44%	17.17%	19.77%	24.43%	17.13%	13.76%	15.47%	14.25%	10.10%	13.44%	11.44%	12.45%	12.88%	14.42%	10.85%	25.48%	7.62%	11.80%	12.44%	15.56%	11.60%	10.39%	12.93%	14.99%	12.58%	5.31%	8.94%	4.59%	14.01%	17.17%	17.42%	14.32%	8.33%	0.00%	16.67%	25.00%	0.00%	8.33%	0.00%	8.33%									
23	Путин Владимир Владимирович	49302	2178	1631	896	2103	1884	558	685	483	682	599	1030	895	406	985	521	846	644	434	835	391	763	691	745	830	454	509	511	357	395	297	869	622	799	334	1043	790	740	591	678	847	631	910	872	433	1036	915	1024	920	781	1076	767	777	890	883	876	478	495	1330	740	424	963	474	2	9	7	8	9	7	7	7									
		59.49%	94.98%	94.99%	95.12%	95.63%	98.02%	56.02%	61.82%	59.41%	53.12%	54.65%	61.13%	62.20%	49.03%	59.30%	59.54%	56.32%	57.40%	46.22%	54.61%	44.18%	53.58%	47.43%	46.30%	49.85%	46.52%	50.70%	50.74%	47.47%	45.09%	46.55%	75.96%	48.11%	48.02%	42.28%	59.57%	59.40%	50.65%	54.32%	58.55%	55.80%	51.18%	53.94%	53.50%	58.91%	61.08%	49.92%	62.40%	57.75%	53.38%	58.32%	53.60%	54.18%	53.04%	54.24%	55.09%	63.48%	58.99%	71.85%	54.29%	50.90%	54.47%	58.02%	16.67%	75.00%	58.33%	66.67%	75.00%	58.33%	53.85%	58.33%									
																																																																																	
																																																																																	
																																																																																	
																																																																																	
																																																																																	
																																																																																	
																																																																																	
																																																																																	
																																																																																	
																																																																																	
																																																																																	
																																																																																	
																																																																																	
																																																																																	
																																																																																	
																																																																																	
																																																																																	
																																																																																	
																																																																																	
																																																																																	
																																																																																	
																																																																																	
																																																																																	
																																																																																	
																																																																																	
																																																																																	
																																																																																	
