Выборы Президента Российской Федерации																																																																																																								
																																																																																																								
Наименование Избирательной комиссии:    Братская городская																																																																																																								
																																																																																																								
Итоги голосования 																																																																																																								
																																																																																																								
		Сумма	УИК №197	УИК №198	УИК №199	УИК №200	УИК №201	УИК №202	УИК №203	УИК №204	УИК №205	УИК №206	УИК №207	УИК №208	УИК №209	УИК №210	УИК №211	УИК №212	УИК №213	УИК №214	УИК №215	УИК №216	УИК №217	УИК №218	УИК №219	УИК №220	УИК №221	УИК №222	УИК №223	УИК №224	УИК №225	УИК №226	УИК №227	УИК №228	УИК №229	УИК №230	УИК №231	УИК №232	УИК №233	УИК №234	УИК №235	УИК №236	УИК №237	УИК №238	УИК №239	УИК №240	УИК №241	УИК №242	УИК №243	УИК №244	УИК №245	УИК №246	УИК №247	УИК №248	УИК №249	УИК №250	УИК №251	УИК №252	УИК №253	УИК №254	УИК №255	УИК №256	УИК №257	УИК №258	УИК №259	УИК №260	УИК №261	УИК №262	УИК №263	УИК №264	УИК №265	УИК №266	УИК №267	УИК №268	УИК №269	УИК №270	УИК №271	УИК №272	УИК №273	УИК №274	УИК №275	УИК №276	УИК №277	УИК №278	УИК №279	УИК №280	УИК №281	УИК №282	УИК №283	УИК №284	УИК №285	УИК №286	УИК №287	УИК №288	УИК №289	УИК №290	УИК №292	УИК №293	УИК №1593					
1	"Число избирателей, внесенных в список"	198407	1733	1561	2768	1900	1925	2154	1890	2074	2021	1881	2369	1742	2145	2178	1879	1860	2833	2925	2856	2632	2399	2028	1815	2910	2852	2225	2542	2392	2491	2518	2501	2257	2182	2668	2935	1743	3001	2662	2838	2643	2314	2327	2051	2326	2233	2258	2052	2093	2199	1904	2198	1759	119	250	1554	721	1330	1810	1597	1515	1504	1283	1153	1982	2233	1848	2282	2298	2107	2065	2438	2780	2545	2038	2611	2644	2042	2062	2301	292	1729	1955	2486	2328	2456	2088	795	2606	1043	976	1132	951	2546	2094	1300	1645	2231					
2	Число полученных избирательных бюллетеней	197427	1720	1560	2770	1910	1910	2160	1890	2060	2030	1870	2360	1750	2150	2150	1820	1850	2840	2930	2850	2470	2400	2020	1820	2900	2840	2230	2550	2390	2490	2520	2500	2260	2190	2680	2940	1740	2990	2660	2850	2650	2300	2250	2040	2330	2230	2260	2040	2090	2190	1900	2190	1720	119	249	1530	727	1330	1638	1570	1510	1510	1270	1140	1970	2240	1837	2290	2300	2100	2070	2450	2760	2560	1800	2740	2650	2040	2080	2300	303	1734	1956	2486	2344	2464	1989	772	2613	1035	978	987	952	2548	2092	1297	1643	2244					
3	"Число избирательных бюллетеней, выданных  досрочно"	0	0	0	0	0	0	0	0	0	0	0	0	0	0	0	0	0	0	0	0	0	0	0	0	0	0	0	0	0	0	0	0	0	0	0	0	0	0	0	0	0	0	0	0	0	0	0	0	0	0	0	0	0	0	0	0	0	0	0	0	0	0	0	0	0	0	0	0	0	0	0	0	0	0	0	0	0	0	0	0	0	0	0	0	0	0	0	0	0	0	0	0	0	0	0	0	0	0					
4	"Число избирательных бюллетеней, выданных в день голосования"	98592	586	493	1120	963	952	1039	926	1033	976	881	1122	735	807	901	757	689	1485	1631	1549	1423	1259	987	941	1521	1483	1158	1291	1214	1232	1363	1281	1191	1213	1560	1547	851	1280	1432	1394	1414	1058	1160	1058	1222	1170	1157	1173	1177	1114	1013	1176	796	108	144	544	721	538	881	667	721	755	534	576	1079	1276	953	1158	1278	1061	1136	1391	1542	1366	940	1365	1310	1109	1060	1271	148	856	856	1300	1238	1241	826	372	1164	474	352	510	463	1171	971	508	738	966					
5	"Число избирательных бюллетеней, выданных вне помещения"	3855	62	30	52	38	32	21	31	30	36	42	37	23	24	33	42	37	50	36	38	30	41	30	21	29	36	69	40	14	37	25	8	19	9	19	29	22	12	44	26	29	252	100	22	10	11	14	16	23	25	18	11	57	11	103	76	0	50	19	26	55	26	22	46	32	7	9	12	17	14	20	22	37	37	225	18	23	26	30	38	77	29	39	29	22	37	221	30	46	30	33	170	16	29	96	20	27	61					
6	Число погашенных избирательных бюллетеней	94980	1072	1037	1598	909	926	1100	933	997	1018	947	1201	992	1319	1216	1021	1124	1305	1263	1263	1017	1100	1003	858	1350	1321	1003	1219	1162	1221	1132	1211	1050	968	1101	1364	867	1698	1184	1430	1207	990	990	960	1098	1049	1089	851	890	1051	869	1003	867	0	2	910	6	742	738	877	734	729	714	518	859	957	875	1120	1005	1025	914	1037	1181	1157	635	1357	1317	905	990	991	78	849	1061	1157	1084	1186	942	370	1403	531	593	307	473	1348	1025	769	878	1217					
7	Число избирательных бюллетеней в переносных ящиках	3853	62	30	52	38	32	21	31	30	36	42	37	23	24	33	42	37	50	36	38	30	41	30	21	29	36	69	40	14	37	25	8	19	9	19	29	22	12	44	26	29	252	100	22	10	11	14	16	23	25	18	11	57	11	103	76	0	50	19	26	55	26	22	46	32	7	9	12	17	14	20	22	37	37	224	18	23	26	30	38	77	29	39	29	22	37	221	30	46	30	33	169	16	29	96	20	27	61					
8	Число бюллетеней в стационарных ящиках для голосования	98570	586	493	1120	962	952	1039	926	1033	974	881	1122	735	807	900	757	689	1485	1629	1549	1423	1259	985	941	1521	1483	1158	1291	1214	1232	1362	1281	1191	1213	1560	1547	851	1280	1426	1391	1413	1057	1160	1058	1222	1170	1157	1173	1176	1114	1013	1176	796	108	144	544	721	538	881	667	721	755	534	576	1079	1276	953	1158	1278	1061	1136	1391	1542	1366	940	1365	1309	1109	1060	1271	148	856	856	1300	1238	1241	826	372	1164	474	352	510	463	1171	971	508	738	966					
9	Число недействительных избирательных бюллетеней	602	2	3	12	5	3	9	3	4	3	7	11	8	7	9	4	4	5	11	6	18	10	6	5	3	7	4	6	10	11	10	5	4	5	3	6	5	15	8	3	5	10	9	5	7	6	11	6	3	9	3	7	7	1	3	8	30	0	5	6	7	3	6	2	7	2	3	5	8	1	5	7	10	6	6	6	6	4	4	7	1	0	11	10	4	5	4	2	3	0	6	7	13	5	7	5	4	9					
10	Число действительных избирательных бюллетеней	101821	646	520	1160	995	981	1051	954	1059	1007	916	1148	750	824	924	795	722	1530	1654	1581	1435	1290	1009	957	1547	1512	1223	1325	1218	1258	1377	1284	1206	1217	1576	1570	868	1277	1462	1414	1437	1299	1251	1075	1225	1175	1160	1183	1196	1130	1028	1180	846	118	244	612	691	588	895	687	769	778	550	620	1104	1281	959	1165	1287	1074	1151	1406	1569	1397	1158	1377	1326	1131	1086	1302	224	885	884	1319	1256	1273	1043	400	1207	504	379	672	466	1195	1060	523	761	1018					
11	Число полученных открепительных  удостоверений	1650	15	15	15	20	15	15	15	15	15	15	15	15	15	15	15	15	25	15	20	15	14	16	15	15	15	20	20	15	15	20	15	15	20	25	15	15	25	15	20	15	15	15	15	15	15	15	15	15	15	15	15	15	0	0	15	0	15	25	15	15	20	15	15	20	15	20	20	15	15	20	20	15	20	15	100	25	15	15	15	15	21	15	21	25	20	15	15	15	15	15	15	15	15	15	15	15	23					
12	Число выданных открепительных удостоверений	1119	3	2	14	15	6	15	7	8	13	4	12	8	11	10	4	11	17	15	16	11	10	12	12	9	15	14	17	12	15	17	8	13	14	21	11	11	23	15	14	12	4	12	11	10	9	12	13	9	10	10	9	5	0	0	3	0	3	24	8	13	17	7	6	15	12	14	16	15	11	16	19	7	16	14	69	21	10	9	13	1	16	10	16	16	14	9	2	10	5	7	5	4	15	6	9	5	20					
13	"Число избирателей, проголосовавших по открепительным удостоверениям"	950	3	2	11	1	7	8	9	3	0	2	7	2	4	6	4	12	6	9	5	23	6	12	2	10	17	12	8	1	4	11	2	8	2	4	3	1	9	6	6	9	7	9	3	8	3	4	16	8	4	7	8	15	78	45	6	49	5	5	11	12	12	15	9	14	6	2	1	5	15	12	5	14	6	27	29	10	16	8	6	29	10	12	9	7	11	14	13	7	11	8	12	5	3	15	3	6	3					
14	Число неиспользованных открепительных удостоверений	531	12	13	1	5	9	0	8	7	2	11	3	7	4	5	11	4	8	0	4	4	4	4	3	6	0	6	3	3	0	3	7	2	6	4	4	4	2	0	6	3	11	3	4	5	6	3	2	6	5	5	6	10	0	0	12	0	12	1	7	2	3	8	9	5	3	6	4	0	4	4	1	8	4	1	31	4	5	6	2	14	5	5	5	9	6	6	13	5	10	8	10	11	0	9	6	10	3					
15	"Число открепительных удостоверений, выданных в ТИК"	14	0	0	0	0	0	0	0	0	0	0	0	0	0	0	0	1	0	1	0	2	0	0	0	0	1	0	0	0	0	1	0	0	1	0	0	0	0	0	3	0	0	0	0	0	0	0	1	2	0	0	0	1	0	0	0	0	0	0	0	0	0	0	0	0	0	0	0	0	0	0	0	0	0	0	0	0	0	0	0	0	0	0	0	0	0	0	0	0	0	0	0	0	0	0	0	0	0					
16	Число утраченных избирательных бюллетеней	0	0	0	0	0	0	0	0	0	0	0	0	0	0	0	0	0	0	0	0	0	0	0	0	0	0	0	0	0	0	0	0	0	0	0	0	0	0	0	0	0	0	0	0	0	0	0	0	0	0	0	0	0	0	0	0	0	0	0	0	0	0	0	0	0	0	0	0	0	0	0	0	0	0	0	0	0	0	0	0	0	0	0	0	0	0	0	0	0	0	0	0	0	0	0	0	0	0					
17	Число не учтенных при получении избирательных бюллетеней	0	0	0	0	0	0	0	0	0	0	0	0	0	0	0	0	0	0	0	0	0	0	0	0	0	0	0	0	0	0	0	0	0	0	0	0	0	0	0	0	0	0	0	0	0	0	0	0	0	0	0	0	0	0	0	0	0	0	0	0	0	0	0	0	0	0	0	0	0	0	0	0	0	0	0	0	0	0	0	0	0	0	0	0	0	0	0	0	0	0	0	0	0	0	0	0	0	0					
"Число голосов избирателей, поданных за каждый список"																																																																																																								
18	. Глазьев Сергей Юрьевич	5477	18	11	46	46	53	38	32	58	53	37	63	18	26	48	40	30	97	88	95	88	69	65	52	95	79	65	81	69	59	78	91	64	64	90	91	46	61	84	68	76	67	89	68	64	79	60	64	68	76	73	70	51	9	9	28	8	29	31	39	48	30	39	28	64	82	43	57	91	72	97	89	105	81	95	41	78	72	57	88	9	56	44	68	51	54	42	21	54	21	13	43	31	58	56	24	25	36					
		5.35%	2.78%	2.10%	3.92%	4.60%	5.39%	3.58%	3.34%	5.46%	5.25%	4.01%	5.44%	2.37%	3.13%	5.14%	5.01%	4.13%	6.32%	5.29%	5.99%	6.06%	5.31%	6.40%	5.41%	6.13%	5.20%	5.30%	6.09%	5.62%	4.65%	5.62%	7.06%	5.29%	5.24%	5.70%	5.77%	5.27%	4.72%	5.71%	4.80%	5.27%	5.12%	7.06%	6.30%	5.19%	6.69%	5.12%	5.38%	5.67%	6.67%	7.08%	5.90%	5.98%	7.56%	3.64%	4.52%	1.11%	4.93%	3.44%	5.63%	6.19%	3.84%	7.01%	4.50%	5.76%	6.39%	4.47%	4.87%	7.03%	6.70%	8.39%	6.30%	6.65%	5.77%	8.16%	2.96%	5.86%	6.34%	5.23%	6.72%	4.00%	6.33%	4.92%	5.12%	4.05%	4.23%	4.01%	5.22%	4.46%	4.17%	3.38%	6.33%	6.47%	4.83%	5.25%	4.55%	3.27%	3.51%					
19	. Малышкин Олег Александрович	3601	31	17	46	41	25	45	42	44	51	45	44	31	35	39	29	35	48	57	49	39	55	36	38	48	41	36	57	31	53	42	49	50	44	53	60	18	55	45	40	47	41	42	39	41	41	30	33	33	50	34	31	34	7	7	29	32	29	37	28	32	37	24	14	42	35	46	40	48	47	31	30	55	43	33	39	38	34	22	38	4	35	30	44	43	50	45	24	54	21	27	27	10	36	29	17	25	43					
		3.52%	4.78%	3.25%	3.92%	4.10%	2.54%	4.25%	4.39%	4.14%	5.05%	4.88%	3.80%	4.09%	4.21%	4.18%	3.63%	4.82%	3.13%	3.42%	3.09%	2.68%	4.23%	3.55%	3.95%	3.10%	2.70%	2.93%	4.28%	2.52%	4.18%	3.03%	3.80%	4.13%	3.60%	3.36%	3.81%	2.06%	4.26%	3.06%	2.82%	3.26%	3.13%	3.33%	3.61%	3.33%	3.47%	2.56%	2.78%	2.75%	4.39%	3.30%	2.61%	3.99%	5.88%	2.83%	4.68%	4.44%	4.93%	4.11%	4.04%	4.12%	4.74%	4.32%	2.25%	3.78%	2.73%	4.78%	3.42%	3.71%	4.37%	2.68%	2.12%	3.48%	3.06%	2.84%	2.82%	2.85%	3.00%	2.02%	2.90%	1.78%	3.95%	3.35%	3.31%	3.41%	3.91%	4.30%	5.97%	4.46%	4.17%	7.01%	3.98%	2.09%	3.00%	2.72%	3.22%	3.27%	4.19%					
20	. Миронов Сергей Михайлович	952	3	5	6	12	9	7	9	11	8	7	7	5	8	12	7	4	14	19	15	10	12	6	4	15	12	8	8	8	10	13	9	14	19	9	12	6	15	15	15	17	15	18	4	16	20	20	15	9	11	8	16	4	5	1	4	3	7	10	7	4	8	10	4	11	8	15	15	12	5	14	13	11	18	18	16	16	7	14	11	1	10	4	6	9	9	14	1	15	4	3	6	5	9	9	4	4	11					
		0.93%	0.46%	0.96%	0.51%	1.20%	0.91%	0.66%	0.94%	1.03%	0.79%	0.76%	0.60%	0.66%	0.96%	1.29%	0.88%	0.55%	0.91%	1.14%	0.95%	0.69%	0.92%	0.59%	0.42%	0.97%	0.79%	0.65%	0.60%	0.65%	0.79%	0.94%	0.70%	1.16%	1.55%	0.57%	0.76%	0.69%	1.16%	1.02%	1.06%	1.18%	1.15%	1.43%	0.37%	1.30%	1.69%	1.71%	1.26%	0.75%	0.97%	0.78%	1.35%	0.47%	4.20%	0.40%	0.65%	0.42%	1.19%	1.11%	1.01%	0.52%	1.02%	1.80%	0.64%	0.99%	0.62%	1.56%	1.28%	0.93%	0.47%	1.21%	0.92%	0.70%	1.28%	1.55%	1.16%	1.20%	0.62%	1.28%	0.84%	0.44%	1.13%	0.45%	0.45%	0.71%	0.70%	1.34%	0.25%	1.24%	0.79%	0.78%	0.88%	1.04%	0.75%	0.84%	0.76%	0.52%	1.07%					
21	. Путин Владимир Владимирович	63028	439	358	808	633	577	691	596	667	625	600	736	479	537	591	502	494	926	1023	938	891	813	616	582	957	896	810	841	775	773	831	833	746	702	953	945	566	867	893	898	891	820	770	645	735	696	700	688	734	671	609	706	504	65	163	397	512	354	600	408	463	497	343	395	674	785	579	708	788	667	671	810	898	824	687	999	767	665	634	747	153	520	559	780	816	759	642	229	735	336	232	405	297	726	635	323	529	675					
		61.54%	67.75%	68.45%	68.94%	63.30%	58.64%	65.19%	62.28%	62.75%	61.88%	65.01%	63.50%	63.19%	64.62%	63.34%	62.83%	68.04%	60.33%	61.44%	59.11%	61.32%	62.54%	60.69%	60.50%	61.74%	58.99%	66.01%	63.19%	63.11%	60.91%	59.91%	64.62%	61.65%	57.45%	60.35%	59.96%	64.83%	67.11%	60.75%	63.37%	61.79%	62.64%	61.11%	59.72%	59.66%	58.93%	59.78%	57.86%	61.22%	58.91%	59.07%	59.48%	59.09%	54.62%	65.99%	64.03%	71.01%	60.20%	66.67%	58.87%	59.66%	63.64%	61.69%	63.50%	60.67%	61.18%	60.19%	60.51%	60.85%	62.05%	58.04%	57.32%	56.87%	58.73%	59.02%	72.23%	57.58%	58.59%	58.17%	57.07%	68.00%	58.76%	62.46%	58.69%	64.76%	59.39%	61.32%	56.97%	60.74%	66.67%	60.26%	59.65%	62.00%	60.50%	59.51%	61.17%	69.15%	65.73%					
22	. Хакамада Ирина Муцуовна	7257	38	31	66	76	67	67	65	70	51	56	68	51	58	67	57	39	112	114	124	121	92	70	69	108	116	80	85	86	88	117	88	94	122	152	161	75	98	75	140	107	97	106	103	112	95	103	93	92	72	80	132	88	6	16	21	37	32	51	39	58	54	27	32	85	91	81	96	99	90	87	139	128	98	77	81	126	86	79	108	9	63	39	80	53	73	42	25	43	21	15	40	17	68	62	22	29	38					
		7.09%	5.86%	5.93%	5.63%	7.60%	6.81%	6.32%	6.79%	6.59%	5.05%	6.07%	5.87%	6.73%	6.98%	7.18%	7.13%	5.37%	7.30%	6.85%	7.81%	8.33%	7.08%	6.90%	7.17%	6.97%	7.64%	6.52%	6.39%	7.00%	6.93%	8.44%	6.83%	7.77%	9.98%	9.63%	10.22%	8.59%	7.59%	5.10%	9.88%	7.42%	7.41%	8.41%	9.54%	9.09%	8.04%	8.80%	7.82%	7.67%	6.32%	7.76%	11.12%	10.32%	5.04%	6.48%	3.39%	5.13%	5.44%	5.67%	5.63%	7.47%	6.91%	4.86%	5.14%	7.65%	7.09%	8.42%	8.21%	7.64%	8.37%	7.53%	9.84%	8.11%	6.99%	6.62%	5.86%	9.46%	7.58%	7.25%	8.25%	4.00%	7.12%	4.36%	6.02%	4.21%	5.71%	4.01%	6.22%	3.55%	4.17%	3.90%	5.89%	3.55%	5.67%	5.81%	4.17%	3.79%	3.70%					
23	. Харитонов Николай Михайлович	17037	98	71	146	146	208	162	172	169	180	136	177	145	120	126	128	94	273	276	300	226	206	174	170	259	293	176	208	183	222	216	160	159	186	240	228	121	110	290	179	237	206	166	180	196	180	188	225	192	211	170	157	120	20	40	118	6	109	138	145	132	120	89	121	169	203	154	187	188	150	200	251	320	276	203	134	248	220	234	270	45	157	179	270	229	272	216	88	270	90	78	134	91	255	231	115	122	189					
		16.63%	15.12%	13.58%	12.46%	14.60%	21.14%	15.28%	17.97%	15.90%	17.82%	14.73%	15.27%	19.13%	14.44%	13.50%	16.02%	12.95%	17.79%	16.58%	18.90%	15.55%	15.85%	17.14%	17.67%	16.71%	19.29%	14.34%	15.63%	14.90%	17.49%	15.57%	12.41%	13.14%	15.22%	15.20%	14.47%	13.86%	8.51%	19.73%	12.63%	16.44%	15.74%	13.17%	16.67%	15.91%	15.24%	16.05%	18.92%	16.01%	18.53%	16.49%	13.23%	14.07%	16.81%	16.19%	19.03%	0.83%	18.54%	15.33%	20.92%	17.01%	15.36%	16.01%	19.45%	15.21%	15.82%	16.01%	15.98%	14.52%	13.95%	17.30%	17.76%	20.27%	19.67%	17.44%	9.69%	18.62%	19.38%	21.47%	20.63%	20.00%	17.74%	20.00%	20.32%	18.17%	21.28%	20.63%	21.89%	22.31%	17.86%	20.26%	19.73%	19.00%	21.25%	21.65%	21.78%	15.95%	18.40%					
																																																																																																								
24	Против всех	4469	19	27	42	41	42	41	38	40	39	35	53	21	40	41	32	26	60	77	60	60	43	42	42	65	75	48	45	66	53	80	54	79	80	79	73	36	71	60	74	62	53	60	36	61	64	59	65	68	39	54	68	45	6	8	15	93	28	28	21	32	32	18	26	59	77	41	62	61	43	51	74	52	57	45	67	53	47	46	40	3	44	29	71	55	56	42	12	36	11	11	17	15	43	38	18	27	26					
		4.36%	2.93%	5.16%	3.58%	4.10%	4.27%	3.87%	3.97%	3.76%	3.86%	3.79%	4.57%	2.77%	4.81%	4.39%	4.01%	3.58%	3.91%	4.62%	3.78%	4.13%	3.31%	4.14%	4.37%	4.19%	4.94%	3.91%	3.38%	5.37%	4.18%	5.77%	4.19%	6.53%	6.55%	5.00%	4.63%	4.12%	5.50%	4.08%	5.22%	4.30%	4.05%	4.76%	3.33%	4.95%	5.42%	5.04%	5.47%	5.67%	3.42%	5.24%	5.73%	5.28%	5.04%	3.24%	2.42%	12.90%	4.76%	3.11%	3.03%	4.12%	4.10%	3.24%	4.18%	5.31%	6.00%	4.26%	5.30%	4.71%	4.00%	4.41%	5.24%	3.29%	4.06%	3.87%	4.84%	3.98%	4.14%	4.22%	3.06%	1.33%	4.97%	3.24%	5.34%	4.37%	4.38%	4.01%	2.99%	2.98%	2.18%	2.86%	2.50%	3.13%	3.58%	3.56%	3.41%	3.53%	2.53%					
																																																																																																								
																																																																																																								
																																																																																																								
																																																																																																								
																																																																																																								
																																																																																																								
																																																																																																								
																																																																																																								
																																																																																																								
																																																																																																								
																																																																																																								
																																																																																																								
																																																																																																								
																																																																																																								
																																																																																																								
