Выборы Президента Российской Федерации																																																														
Дата голосования: 04.03.2012																																																														
																																																														
Наименование Избирательной комиссии:    Вяземская																																																														
																																																														
Сводная таблица итогов голосования																																																														
																																																														
	Число участковых избирательных комиссий	51																																																												
	Число участковых избирательных комиссий, приступивших к передаче сведений	51																																																												
																																																														
		Сумма	УИК №12	УИК №13	УИК №14	УИК №15	УИК №16	УИК №17	УИК №18	УИК №19	УИК №20	УИК №21	УИК №22	УИК №23	УИК №24	УИК №25	УИК №26	УИК №27	УИК №28	УИК №29	УИК №30	УИК №31	УИК №32	УИК №33	УИК №34	УИК №35	УИК №36	УИК №37	УИК №38	УИК №39	УИК №40	УИК №41	УИК №42	УИК №43	УИК №44	УИК №45	УИК №46	УИК №47	УИК №48	УИК №49	УИК №50	УИК №51	УИК №52	УИК №53	УИК №54	УИК №55	УИК №56	УИК №57	УИК №58	УИК №59	УИК №60	УИК №61	УИК №62									
1	Число избирателей, включенных в список избирателей	65689	2328	2500	1749	2537	2358	2530	2540	1464	2349	1295	2077	2135	2285	2514	2106	1322	1044	1518	1030	2390	2139	2404	265	2175	1262	2766	1334	562	276	170	153	547	1410	128	525	263	334	1678	725	454	394	547	691	735	575	472	1218	327	253	478	358									
2	Число избирательных бюллетеней, полученных участковой избирательной комиссией	65380	2330	2530	1780	2490	2370	2540	2380	1480	2380	1210	2090	2140	2040	2550	2130	1320	1030	1530	1020	2430	2190	2390	290	2200	1280	2820	1160	600	290	180	150	560	1430	130	530	260	330	1530	720	460	420	540	690	760	580	460	1220	340	270	480	350									
3	Число избирательных бюллетеней, выданных избирателям, проголосовавшим досрочно	0	0	0	0	0	0	0	0	0	0	0	0	0	0	0	0	0	0	0	0	0	0	0	0	0	0	0	0	0	0	0	0	0	0	0	0	0	0	0	0	0	0	0	0	0	0	0	0	0	0	0	0									
4	Число избирательных бюллетеней, выданных в помещении для голосования в день голосования	31465	1183	1442	949	1308	1074	1105	1091	800	1221	576	1048	975	1296	1189	1078	641	503	731	406	1166	998	1124	112	1032	678	1699	743	245	146	81	38	264	550	48	175	96	122	586	394	189	169	177	314	300	212	189	401	153	115	214	119									
5	Число избирательных бюллетеней, выданных вне помещения для голосования в день голосования	3026	30	22	21	23	54	50	179	33	51	114	43	23	25	37	14	17	10	8	23	20	45	41	101	31	88	8	61	171	22	30	50	107	120	24	75	62	50	249	60	47	44	86	38	86	84	47	177	48	63	38	76									
6	Число погашенных избирательных бюллетеней	30889	1117	1066	810	1159	1242	1385	1110	647	1108	520	999	1142	719	1324	1038	662	517	791	591	1244	1147	1225	77	1137	514	1113	356	184	122	69	62	189	760	58	280	102	158	695	266	224	207	277	338	374	284	224	642	139	92	228	155									
7	Число избирательных бюллетеней в переносных ящиках для голосования	3026	30	22	21	23	54	50	179	33	51	114	43	23	25	37	14	17	10	8	23	20	45	41	101	31	88	8	61	171	22	30	50	107	120	24	75	62	50	249	60	47	44	86	38	86	84	47	177	48	63	38	76									
8	Число бюллетеней в стационарных ящиках для голосования	31458	1183	1442	948	1308	1074	1105	1091	800	1220	576	1048	975	1296	1189	1078	641	503	731	406	1164	998	1124	112	1032	678	1696	743	245	146	81	38	264	550	48	175	96	122	586	394	189	169	177	314	300	212	189	401	153	115	214	119									
9	Число недействительных избирательных бюллетеней	382	13	24	11	14	10	17	30	13	11	4	6	7	13	14	11	9	9	12	2	8	7	12	17	15	7	25	7	0	1	0	0	2	10	0	1	1	0	10	2	2	0	1	3	1	3	5	5	1	0	4	2									
10	Число действительных избирательных бюллетеней	34102	1200	1440	958	1317	1118	1138	1240	820	1260	686	1085	991	1308	1212	1081	649	504	727	427	1176	1036	1153	196	1048	759	1679	797	416	167	111	88	369	660	72	249	157	172	825	452	234	213	262	349	385	293	231	573	200	178	248	193									
11	Число полученных открепительных  удостоверений	1116	30	47	32	25	30	35	30	14	33	19	26	19	31	31	25	12	15	20	13	35	26	40	0	31	17	90	18	60	20	10	10	15	20	5	20	10	1	11	11	10	35	10	13	30	10	15	10	10	25	8	3									
12	Число открепительных удостоверений, выданных избирателям на избирательном участке	1060	30	46	30	22	30	30	26	14	30	16	26	19	31	31	25	12	12	18	9	31	24	38	0	28	17	87	17	57	17	10	10	15	20	5	20	10	1	10	11	10	35	10	13	30	10	15	7	10	25	7	3									
13	Число избирателей, проголосовавших по открепительным удостоверениям	778	21	26	21	25	22	20	41	14	17	26	20	22	19	22	11	21	17	17	10	7	17	16	19	21	16	29	14	8	5	2	3	4	8	1	11	5	7	79	6	4	6	11	19	6	4	33	5	3	2	8	7									
14	Число неиспользованных открепительных удостоверений	56	0	1	2	3	0	5	4	0	3	3	0	0	0	0	0	0	3	2	4	4	2	2	0	3	0	3	1	3	3	0	0	0	0	0	0	0	0	1	0	0	0	0	0	0	0	0	3	0	0	1	0									
15	Число открепительных удостоверений, выданных избирателям ТИК	32	1	0	0	1	2	1	2	1	2	1	0	0	1	0	0	0	0	1	1	1	0	0	0	4	1	3	0	0	0	0	0	0	0	0	0	3	0	0	3	1	1	0	0	0	0	0	0	0	1	0	0									
16	Число утраченных открепительных удостоверений	0	0	0	0	0	0	0	0	0	0	0	0	0	0	0	0	0	0	0	0	0	0	0	0	0	0	0	0	0	0	0	0	0	0	0	0	0	0	0	0	0	0	0	0	0	0	0	0	0	0	0	0									
17	Число утраченных избирательных бюллетеней	0	0	0	0	0	0	0	0	0	0	0	0	0	0	0	0	0	0	0	0	0	0	0	0	0	0	0	0	0	0	0	0	0	0	0	0	0	0	0	0	0	0	0	0	0	0	0	0	0	0	0	0									
18	Число избирательных бюллетеней, не учтенных при получении	0	0	0	0	0	0	0	0	0	0	0	0	0	0	0	0	0	0	0	0	0	0	0	0	0	0	0	0	0	0	0	0	0	0	0	0	0	0	0	0	0	0	0	0	0	0	0	0	0	0	0	0									
																																																														
19	Жириновский Владимир Вольфович	2793	95	90	65	113	94	74	169	51	100	44	81	90	105	97	103	55	39	60	36	128	83	73	8	80	78	139	77	37	21	5	8	16	40	4	25	20	14	69	43	9	7	20	31	29	18	9	71	16	16	28	10									
		8.10%	7.83%	6.15%	6.71%	8.49%	8.33%	6.41%	13.31%	6.12%	7.87%	6.38%	7.42%	9.02%	7.95%	7.91%	9.43%	8.36%	7.60%	8.12%	8.39%	10.81%	7.96%	6.27%	3.76%	7.53%	10.18%	8.16%	9.58%	8.89%	12.50%	4.50%	9.09%	4.31%	5.97%	5.56%	10.00%	12.66%	8.14%	8.26%	9.47%	3.81%	3.29%	7.60%	8.81%	7.51%	6.08%	3.81%	12.28%	7.96%	8.99%	11.11%	5.13%									
20	Зюганов Геннадий Андреевич	7019	274	360	236	262	244	269	225	211	278	153	246	227	252	259	303	170	102	151	92	225	263	241	18	237	143	222	109	67	25	25	10	44	163	13	43	26	35	126	66	35	32	59	98	49	50	18	108	29	34	59	33									
		20.35%	22.59%	24.59%	24.36%	19.68%	21.63%	23.29%	17.72%	25.33%	21.87%	22.17%	22.55%	22.75%	19.08%	21.13%	27.75%	25.84%	19.88%	20.43%	21.45%	19.00%	25.22%	20.69%	8.45%	22.30%	18.67%	13.03%	13.56%	16.11%	14.88%	22.52%	11.36%	11.86%	24.33%	18.06%	17.20%	16.46%	20.35%	15.09%	14.54%	14.83%	15.02%	22.43%	27.84%	12.69%	16.89%	7.63%	18.69%	14.43%	19.10%	23.41%	16.92%									
21	Миронов Сергей Михайлович	1625	68	89	41	57	42	66	60	42	71	44	56	55	68	71	58	32	27	41	16	50	48	66	9	58	37	59	30	22	5	3	3	13	30	8	10	6	5	25	13	2	15	12	13	22	14	3	18	4	9	5	4									
		4.71%	5.61%	6.08%	4.23%	4.28%	3.72%	5.71%	4.72%	5.04%	5.59%	6.38%	5.13%	5.51%	5.15%	5.79%	5.31%	4.86%	5.26%	5.55%	3.73%	4.22%	4.60%	5.67%	4.23%	5.46%	4.83%	3.46%	3.73%	5.29%	2.98%	2.70%	3.41%	3.50%	4.48%	11.11%	4.00%	3.80%	2.91%	2.99%	2.86%	0.85%	7.04%	4.56%	3.69%	5.70%	4.73%	1.27%	3.11%	1.99%	5.06%	1.98%	2.05%									
22	Прохоров Михаил Дмитриевич	2286	99	120	57	113	89	95	83	77	74	52	85	72	73	91	60	39	30	59	25	90	72	74	5	57	63	185	54	9	3	2	3	12	27	0	10	4	5	38	17	14	7	15	23	16	13	12	29	9	9	8	8									
		6.63%	8.16%	8.20%	5.88%	8.49%	7.89%	8.23%	6.54%	9.24%	5.82%	7.54%	7.79%	7.21%	5.53%	7.42%	5.49%	5.93%	5.85%	7.98%	5.83%	7.60%	6.90%	6.35%	2.35%	5.36%	8.22%	10.86%	6.72%	2.16%	1.79%	1.80%	3.41%	3.23%	4.03%	0.00%	4.00%	2.53%	2.91%	4.55%	3.74%	5.93%	3.29%	5.70%	6.53%	4.15%	4.39%	5.08%	5.02%	4.48%	5.06%	3.17%	4.10%									
23	Путин Владимир Владимирович	20379	664	781	559	772	649	634	703	439	737	393	617	547	810	694	557	353	306	416	258	683	570	699	156	616	438	1074	527	281	113	76	64	284	400	47	161	101	113	567	313	174	152	156	184	269	198	189	347	142	110	148	138									
		59.10%	54.74%	53.35%	57.69%	58.00%	57.54%	54.89%	55.35%	52.70%	57.99%	56.96%	56.55%	54.81%	61.32%	56.61%	51.01%	53.65%	59.65%	56.29%	60.14%	57.69%	54.65%	60.00%	73.24%	57.95%	57.18%	63.03%	65.55%	67.55%	67.26%	68.47%	72.73%	76.55%	59.70%	65.28%	64.40%	63.92%	65.70%	67.90%	68.94%	73.73%	71.36%	59.32%	52.27%	69.69%	66.89%	80.08%	60.03%	70.65%	61.80%	58.73%	70.77%									
																																																														
																																																														
																																																														
																																																														
																																																														
																																																														
																																																														
																																																														
																																																														
																																																														
																																																														
																																																														
																																																														
																																																														
																																																														
																																																														
																																																														
																																																														
																																																														
																																																														
																																																														
																																																														
																																																														
																																																														
																																																														
																																																														
																																																														
