Выборы Президента Российской Федерации																																																																																							
																																																																																							
Наименование Избирательной комиссии:    Сыктывкарская городская																																																																																							
																																																																																							
Итоги голосования 																																																																																							
																																																																																							
		Сумма	УИК  179	УИК  180	УИК  181	УИК  182	УИК  183	УИК  184	УИК  185	УИК  186	УИК  187	УИК  188	УИК  189	УИК  190	УИК  191	УИК  192	УИК  193	УИК  194	УИК  195	УИК  196	УИК  197	УИК  198	УИК  199	УИК  200	УИК  201	УИК  202	УИК  203	УИК  204	УИК  205	УИК  206	УИК  207	УИК  208	УИК  209	УИК  210	УИК  211	УИК  212	УИК  213	УИК  214	УИК  215	УИК  216	УИК  217	УИК  218	УИК  219	УИК  220	УИК  221	УИК  222	УИК  223	УИК  224	УИК  225	УИК  226	УИК  227	УИК  228	УИК  229	УИК  230	УИК  231	УИК  232	УИК  233	УИК  234	УИК  235	УИК  236	УИК  237	УИК  238	УИК  239	УИК  240	УИК  241	УИК  242	УИК  243	УИК  244	УИК  245	УИК  246	УИК  247	УИК  248	УИК  249	УИК  250	УИК  251	УИК  252	УИК  253	УИК  254	УИК  255	УИК  256	УИК  257	УИК  258					
1	"Число избирателей, внесенных в список"	141165	103	2826	503	1680	310	1077	1804	1653	1399	1031	1445	1377	1765	1932	1260	1380	528	2458	2564	2094	1681	2521	496	2145	2127	2113	2045	2007	2012	2325	2202	2009	2640	2009	2175	2751	1328	2239	1316	1740	1701	1504	1798	1593	1440	1535	1155	1476	1807	1699	1472	1541	1998	2035	1985	1802	2263	2502	2260	2275	1615	1679	1640	2524	1414	1110	1299	1898	2140	2402	2396	2131	1859	1430	2002	2794	2021	2444	1121	335					
2	Число полученных избирательных бюллетеней	135524	120	2600	500	1600	300	1100	1800	1600	1400	1000	1300	1300	1700	1800	1200	1300	504	2300	2400	2000	1600	2300	700	2000	2000	2000	1900	1900	2100	2200	2100	1900	2600	2000	2100	3000	1300	2300	1200	1600	1600	1700	1700	1500	1400	1600	1100	1500	1800	1600	1400	1500	1900	1900	1900	1800	2100	2400	2100	2100	1500	1500	1600	2300	1300	1100	1200	1800	2000	2200	2200	2000	1700	1400	1800	2600	2000	2300	1100	700					
3	"Число избирательных бюллетеней, выданных  досрочно"	0	0	0	0	0	0	0	0	0	0	0	0	0	0	0	0	0	0	0	0	0	0	0	0	0	0	0	0	0	0	0	0	0	0	0	0	0	0	0	0	0	0	0	0	0	0	0	0	0	0	0	0	0	0	0	0	0	0	0	0	0	0	0	0	0	0	0	0	0	0	0	0	0	0	0	0	0	0	0	0	0					
4	"Число избирательных бюллетеней, выданных в день голосования"	79873	65	1567	315	821	183	587	1018	1004	829	558	794	751	906	1081	669	669	197	1462	1569	1289	1070	1457	285	982	1062	1121	1145	1068	1085	1333	1235	1241	1632	1233	1373	1790	796	1133	692	868	693	1040	1002	891	899	1022	709	1049	1163	1003	676	683	1169	1218	1248	1004	1403	1644	1419	1371	837	865	971	1534	718	578	712	1122	1246	1419	1331	1285	1117	805	993	1376	941	1218	435	129					
5	"Число избирательных бюллетеней, выданных вне помещения"	2662	5	26	6	33	3	10	11	26	95	4	13	16	14	12	16	63	7	15	16	12	14	20	211	15	10	18	12	13	12	10	23	16	18	24	27	88	24	11	4	11	17	8	27	19	28	18	12	13	34	11	11	14	10	18	21	62	49	34	17	23	19	9	31	18	14	15	27	16	22	9	27	8	30	7	152	9	328	177	109	205					
6	Число погашенных избирательных бюллетеней	52989	50	1007	179	746	114	503	771	570	476	438	493	533	780	707	515	568	300	823	815	699	516	823	204	1003	928	861	743	819	1003	857	842	643	950	743	700	1122	480	1156	504	721	890	652	671	590	473	560	379	438	603	586	713	803	721	664	631	734	648	722	664	706	644	626	598	748	568	507	461	662	732	772	842	707	553	588	655	1215	731	905	556	366					
7	Число избирательных бюллетеней в переносных ящиках	2662	5	26	6	33	3	10	11	26	95	4	13	16	14	12	16	63	7	15	16	12	14	20	211	15	10	18	12	13	12	10	23	16	18	24	27	88	24	11	4	11	17	8	27	19	28	18	12	13	34	11	11	14	10	18	21	62	49	34	17	23	19	9	31	18	14	15	27	16	22	9	27	8	30	7	152	9	328	177	109	205					
8	Число бюллетеней в стационарных ящиках для голосования	79806	65	1567	315	821	183	587	1018	1004	829	557	793	750	906	1051	669	669	197	1458	1569	1287	1070	1457	283	982	1062	1121	1145	1068	1085	1332	1232	1241	1632	1233	1371	1790	796	1133	692	868	693	1032	1002	891	899	1022	709	1049	1163	1003	676	683	1169	1218	1248	1004	1403	1643	1417	1371	837	861	971	1534	718	578	710	1121	1246	1418	1331	1285	1117	804	993	1376	941	1218	435	129					
9	Число недействительных избирательных бюллетеней	513	0	22	0	10	2	8	17	10	8	4	16	9	16	10	11	15	3	6	2	5	4	5	6	8	8	4	12	5	5	4	1	6	5	5	8	7	2	8	1	4	7	7	1	8	5	6	7	6	6	1	4	2	3	7	9	5	3	9	5	7	6	9	3	5	5	4	7	4	0	10	5	5	3	3	7	9	15	17	4	2					
10	Число действительных избирательных бюллетеней	81955	70	1571	321	844	184	589	1012	1020	916	557	790	757	904	1053	674	717	201	1467	1583	1294	1080	1472	488	989	1064	1135	1145	1076	1092	1338	1254	1251	1645	1252	1390	1871	818	1136	695	875	703	1033	1028	902	922	1034	714	1056	1191	1013	683	695	1176	1229	1260	1061	1449	1668	1429	1387	850	861	999	1547	727	589	730	1133	1268	1417	1353	1288	1144	808	1138	1376	1254	1378	540	332					
11	Число полученных открепительных  удостоверений	985	5	10	5	15	5	10	15	10	10	5	10	5	10	5	5	10	5	15	15	15	15	10	0	10	20	20	10	10	10	20	10	10	25	20	15	10	10	20	10	10	10	20	20	5	10	15	15	25	20	10	10	10	20	20	10	15	25	20	25	20	15	15	10	10	10	5	10	10	10	10	15	10	15	10	15	10	10	10	10	0					
12	Число выданных открепительных удостоверений	564	0	8	1	12	1	3	4	0	4	0	2	1	5	3	1	6	0	14	6	9	10	2	0	5	15	10	7	7	4	18	5	9	18	11	13	9	7	10	5	0	3	20	3	2	9	5	8	10	10	7	4	1	18	5	6	9	9	16	20	13	7	10	5	7	7	1	5	7	5	9	15	10	11	6	11	8	7	7	3	0					
13	"Число избирателей, проголосовавших по открепительным удостоверениям"	710	0	9	0	4	4	2	0	3	11	2	7	6	6	3	4	11	4	24	34	6	6	9	38	1	6	7	8	18	2	10	11	12	12	8	14	25	11	13	5	7	4	14	7	3	8	11	3	17	12	1	4	4	3	9	7	19	18	27	17	6	6	4	4	6	5	5	2	16	7	8	5	9	8	8	10	3	10	10	3	24					
14	Число неиспользованных открепительных удостоверений	421	5	2	4	3	4	7	11	10	6	5	8	4	5	2	4	4	5	1	9	6	5	8	0	5	5	10	3	3	6	2	5	1	7	9	2	1	3	10	5	10	7	0	17	3	1	10	7	15	10	3	6	9	2	15	4	6	16	4	5	7	8	5	5	3	3	4	5	3	5	1	0	0	4	4	4	2	3	3	7	0					
15	"Число открепительных удостоверений, выданных в ТИК"	56	0	0	0	3	0	1	0	0	0	0	0	0	0	0	0	0	0	2	3	2	0	1	0	1	1	2	0	1	0	1	0	1	0	0	0	1	1	0	1	0	0	1	1	1	1	0	1	0	0	0	1	2	0	0	1	0	2	0	1	1	0	2	1	0	1	1	0	0	0	0	2	2	1	3	1	2	5	0	0	0					
16	Число утраченных избирательных бюллетеней	0	0	0	0	0	0	0	0	0	0	0	0	0	0	0	0	0	0	0	0	0	0	0	0	0	0	0	0	0	0	0	0	0	0	0	0	0	0	0	0	0	0	0	0	0	0	0	0	0	0	0	0	0	0	0	0	0	0	0	0	0	0	0	0	0	0	0	0	0	0	0	0	0	0	0	0	0	0	0	0	0					
17	Число не учтенных при получении избирательных бюллетеней	0	0	0	0	0	0	0	0	0	0	0	0	0	0	0	0	0	0	0	0	0	0	0	0	0	0	0	0	0	0	0	0	0	0	0	0	0	0	0	0	0	0	0	0	0	0	0	0	0	0	0	0	0	0	0	0	0	0	0	0	0	0	0	0	0	0	0	0	0	0	0	0	0	0	0	0	0	0	0	0	0					
"Число голосов избирателей, поданных за каждый список"																																																																																							
18	. Глазьев Сергей Юрьевич	3167	1	43	5	14	6	27	30	47	41	19	24	18	23	33	19	29	9	72	63	58	57	75	11	24	44	41	52	48	36	49	40	64	70	52	59	32	22	28	33	31	24	12	45	31	53	53	37	29	59	43	19	13	67	50	64	57	59	84	83	62	26	33	29	82	23	27	21	51	40	74	52	47	44	37	46	55	21	45	11	10					
		3.84%	1.43%	2.70%	1.56%	1.64%	3.23%	4.52%	2.92%	4.56%	4.44%	3.39%	2.98%	2.35%	2.50%	3.10%	2.77%	3.96%	4.41%	4.89%	3.97%	4.46%	5.26%	5.08%	2.23%	2.41%	4.10%	3.60%	4.49%	4.44%	3.28%	3.65%	3.19%	5.09%	4.24%	4.14%	4.22%	1.70%	2.68%	2.45%	4.74%	3.53%	3.38%	1.15%	4.37%	3.41%	5.72%	5.10%	5.13%	2.73%	4.93%	4.24%	2.77%	1.87%	5.68%	4.05%	5.04%	5.35%	4.06%	5.01%	5.79%	4.45%	3.04%	3.79%	2.89%	5.28%	3.14%	4.55%	2.85%	4.49%	3.15%	5.19%	3.83%	3.63%	3.84%	4.56%	4.02%	3.97%	1.65%	3.23%	2.02%	2.99%					
19	. Малышкин Олег Александрович	1517	9	33	9	16	6	20	21	29	24	10	16	16	19	21	6	16	6	19	23	24	11	24	10	24	17	22	36	13	23	18	32	14	17	21	24	22	14	29	20	21	18	14	22	12	11	16	13	14	16	16	14	23	11	28	21	22	19	22	18	18	18	15	19	24	15	20	13	15	28	28	22	24	20	11	24	20	39	34	15	10					
		1.84%	12.86%	2.07%	2.80%	1.87%	3.23%	3.35%	2.04%	2.82%	2.60%	1.78%	1.99%	2.09%	2.07%	1.98%	0.88%	2.19%	2.94%	1.29%	1.45%	1.85%	1.01%	1.62%	2.02%	2.41%	1.59%	1.93%	3.11%	1.20%	2.10%	1.34%	2.55%	1.11%	1.03%	1.67%	1.72%	1.17%	1.71%	2.53%	2.87%	2.39%	2.54%	1.35%	2.14%	1.32%	1.19%	1.54%	1.80%	1.32%	1.34%	1.58%	2.04%	3.30%	0.93%	2.27%	1.65%	2.06%	1.31%	1.31%	1.26%	1.29%	2.10%	1.72%	1.90%	1.55%	2.05%	3.37%	1.76%	1.32%	2.21%	1.96%	1.62%	1.86%	1.74%	1.36%	2.10%	1.44%	3.07%	2.44%	2.76%	2.99%					
20	. Миронов Сергей Михайлович	648	1	12	2	4	0	5	12	11	11	6	5	7	8	4	4	9	0	13	6	13	14	10	5	11	7	14	11	10	17	18	10	10	9	8	6	16	5	8	3	7	6	4	7	5	7	10	3	10	10	9	11	3	4	8	11	7	8	14	10	9	7	9	13	13	11	7	0	8	4	13	7	11	9	6	11	11	4	12	4	0					
		0.79%	1.43%	0.75%	0.62%	0.47%	0.00%	0.84%	1.17%	1.07%	1.19%	1.07%	0.62%	0.91%	0.87%	0.38%	0.58%	1.23%	0.00%	0.88%	0.38%	1.00%	1.29%	0.68%	1.01%	1.10%	0.65%	1.23%	0.95%	0.93%	1.55%	1.34%	0.80%	0.80%	0.55%	0.64%	0.43%	0.85%	0.61%	0.70%	0.43%	0.80%	0.85%	0.38%	0.68%	0.55%	0.76%	0.96%	0.42%	0.94%	0.84%	0.89%	1.60%	0.43%	0.34%	0.65%	0.87%	0.66%	0.55%	0.83%	0.70%	0.65%	0.82%	1.03%	1.30%	0.84%	1.50%	1.18%	0.00%	0.70%	0.32%	0.91%	0.52%	0.85%	0.78%	0.74%	0.96%	0.79%	0.32%	0.86%	0.74%	0.00%					
21	. Путин Владимир Владимирович	58503	51	1175	251	705	138	416	733	728	637	396	618	578	703	780	534	519	155	995	1117	861	728	963	386	751	784	784	789	775	803	953	931	860	1178	856	1006	1542	607	885	453	611	527	928	673	611	641	724	489	820	780	703	535	519	786	829	887	711	950	1108	919	946	595	571	714	1002	561	402	511	779	872	961	941	908	837	557	795	988	965	1029	437	257					
		70.94%	72.86%	73.76%	78.19%	82.55%	74.19%	69.68%	71.23%	70.68%	68.94%	70.59%	76.67%	75.46%	76.41%	73.38%	77.96%	70.90%	75.98%	67.55%	70.47%	66.28%	67.16%	65.20%	78.14%	75.33%	73.13%	68.83%	68.19%	71.69%	73.20%	71.01%	74.18%	68.42%	71.39%	68.10%	71.96%	82.11%	74.02%	77.36%	65.09%	69.51%	74.23%	89.23%	65.40%	67.14%	69.15%	69.62%	67.82%	77.21%	65.16%	69.33%	77.87%	74.46%	66.67%	67.07%	69.90%	66.70%	65.43%	66.07%	64.09%	67.86%	69.51%	65.63%	71.26%	64.56%	76.64%	67.79%	69.34%	68.51%	68.77%	67.34%	69.29%	70.22%	72.97%	68.68%	69.43%	71.34%	76.04%	73.76%	80.33%	76.95%					
22	. Хакамада Ирина Муцуовна	5378	2	56	11	24	14	45	50	55	60	35	32	38	54	66	24	55	10	109	90	100	71	117	21	56	74	68	66	62	70	122	62	103	113	78	78	72	48	64	52	70	40	34	85	78	47	72	52	50	93	68	33	43	72	88	84	75	158	127	148	129	75	74	72	152	35	44	52	79	83	94	96	102	74	62	81	88	51	65	15	11					
		6.52%	2.86%	3.52%	3.43%	2.81%	7.53%	7.54%	4.86%	5.34%	6.49%	6.24%	3.97%	4.96%	5.87%	6.21%	3.50%	7.51%	4.90%	7.40%	5.68%	7.70%	6.55%	7.92%	4.25%	5.62%	6.90%	5.97%	5.70%	5.74%	6.38%	9.09%	4.94%	8.19%	6.85%	6.21%	5.58%	3.83%	5.85%	5.59%	7.47%	7.96%	5.63%	3.27%	8.26%	8.57%	5.07%	6.92%	7.21%	4.71%	7.77%	6.71%	4.80%	6.17%	6.11%	7.12%	6.62%	7.04%	10.88%	7.57%	10.32%	9.25%	8.76%	8.51%	7.19%	9.79%	4.78%	7.42%	7.06%	6.95%	6.55%	6.59%	7.07%	7.89%	6.45%	7.64%	7.07%	6.35%	4.02%	4.66%	2.76%	3.29%					
23	. Харитонов Николай Михайлович	9302	4	209	35	62	13	62	153	132	115	69	73	71	70	109	68	63	13	184	213	174	152	209	41	81	106	142	143	117	94	122	126	147	186	177	174	107	90	89	103	103	63	24	144	133	138	117	93	88	178	139	47	78	170	164	137	140	189	230	190	143	82	103	109	187	58	56	108	146	170	185	185	143	109	78	131	155	79	140	39	33					
		11.28%	5.71%	13.12%	10.90%	7.26%	6.99%	10.39%	14.87%	12.82%	12.45%	12.30%	9.06%	9.27%	7.61%	10.25%	9.93%	8.61%	6.37%	12.49%	13.44%	13.39%	14.02%	14.15%	8.30%	8.12%	9.89%	12.47%	12.36%	10.82%	8.57%	9.09%	10.04%	11.69%	11.27%	14.08%	12.45%	5.70%	10.98%	7.78%	14.80%	11.72%	8.87%	2.31%	13.99%	14.62%	14.89%	11.25%	12.90%	8.29%	14.87%	13.71%	6.84%	11.19%	14.42%	13.27%	10.80%	13.13%	13.02%	13.71%	13.25%	10.26%	9.58%	11.84%	10.88%	12.05%	7.92%	9.44%	14.65%	12.84%	13.41%	12.96%	13.62%	11.06%	9.50%	9.62%	11.44%	11.19%	6.23%	10.04%	7.17%	9.88%					
																																																																																							
24	Против всех	3440	2	43	8	19	7	14	13	18	28	22	22	29	27	40	19	26	8	75	71	64	47	74	14	42	32	64	48	51	49	56	53	53	72	60	43	80	32	33	31	32	25	17	52	32	25	42	27	45	55	35	24	16	66	62	56	49	66	83	61	80	47	56	43	87	24	33	25	55	71	62	50	53	51	57	50	59	95	53	19	11					
		4.17%	2.86%	2.70%	2.49%	2.22%	3.76%	2.35%	1.26%	1.75%	3.03%	3.92%	2.73%	3.79%	2.93%	3.76%	2.77%	3.55%	3.92%	5.09%	4.48%	4.93%	4.34%	5.01%	2.83%	4.21%	2.99%	5.62%	4.15%	4.72%	4.47%	4.17%	4.22%	4.22%	4.36%	4.77%	3.08%	4.26%	3.90%	2.88%	4.45%	3.64%	3.52%	1.63%	5.05%	3.52%	2.70%	4.04%	3.74%	4.24%	4.59%	3.45%	3.49%	2.30%	5.60%	5.02%	4.41%	4.60%	4.55%	4.95%	4.25%	5.74%	5.49%	6.44%	4.29%	5.61%	3.28%	5.56%	3.39%	4.84%	5.60%	4.34%	3.68%	4.10%	4.45%	7.03%	4.37%	4.26%	7.49%	3.80%	3.49%	3.29%					
																																																																																							
																																																																																							
																																																																																							
																																																																																							
																																																																																							
																																																																																							
																																																																																							
																																																																																							
																																																																																							
																																																																																							
																																																																																							
																																																																																							
																																																																																							
																																																																																							
																																																																																							
