Выборы Президента Российской Федерации																																																																									
Дата голосования: 04.03.2012																																																																									
																																																																									
Наименование Избирательной комиссии:    Заводоуковская																																																																									
																																																																									
Сводная таблица итогов голосования																																																																									
																																																																									
	Число участковых избирательных комиссий	62																																																																							
	Число участковых избирательных комиссий, приступивших к передаче сведений	62																																																																							
																																																																									
		Сумма	УИК №243	УИК №244	УИК №245	УИК №246	УИК №247	УИК №248	УИК №249	УИК №250	УИК №251	УИК №252	УИК №253	УИК №254	УИК №255	УИК №256	УИК №257	УИК №258	УИК №259	УИК №260	УИК №261	УИК №262	УИК №263	УИК №264	УИК №265	УИК №266	УИК №267	УИК №268	УИК №269	УИК №270	УИК №271	УИК №272	УИК №273	УИК №274	УИК №275	УИК №276	УИК №277	УИК №278	УИК №279	УИК №280	УИК №281	УИК №282	УИК №283	УИК №284	УИК №285	УИК №286	УИК №287	УИК №288	УИК №289	УИК №290	УИК №291	УИК №292	УИК №293	УИК №294	УИК №295	УИК №296	УИК №297	УИК №298	УИК №299	УИК №300	УИК №301	УИК №302	УИК №303	УИК №304									
1	Число избирателей, включенных в список избирателей	38356	1036	1088	1006	827	1805	1711	1329	1362	997	2197	1822	655	1318	1336	261	1294	1045	463	206	437	238	310	403	227	869	48	367	135	598	701	560	428	855	125	573	536	115	558	83	54	394	1133	506	959	216	251	174	164	421	308	774	95	216	98	163	737	569	221	408	173	172	226									
2	Число избирательных бюллетеней, полученных участковой избирательной комиссией	35355	900	950	900	800	1500	1500	1200	1100	900	1900	1700	600	1100	1200	250	1100	1000	450	220	420	250	300	400	230	850	56	360	140	550	650	500	400	800	123	550	550	123	550	84	59	400	1000	500	900	220	250	180	170	400	330	750	99	210	94	165	700	550	220	420	180	174	228									
3	Число избирательных бюллетеней, выданных избирателям, проголосовавшим досрочно	0	0	0	0	0	0	0	0	0	0	0	0	0	0	0	0	0	0	0	0	0	0	0	0	0	0	0	0	0	0	0	0	0	0	0	0	0	0	0	0	0	0	0	0	0	0	0	0	0	0	0	0	0	0	0	0	0	0	0	0	0	0	0									
4	Число избирательных бюллетеней, выданных в помещении для голосования в день голосования	26521	661	727	669	582	1234	1024	877	945	614	1507	1215	449	881	901	193	892	704	341	152	297	178	248	334	179	547	42	297	111	390	513	390	293	606	110	398	435	95	415	75	42	272	640	331	682	189	199	154	133	280	131	544	80	150	73	117	593	438	171	289	121	145	226									
5	Число избирательных бюллетеней, выданных вне помещения для голосования в день голосования	2068	33	46	29	34	37	99	35	48	52	40	93	40	39	37	7	24	47	13	32	37	15	11	8	9	87	5	17	4	21	10	29	17	18	13	85	18	12	35	5	11	72	245	15	47	11	15	3	15	54	153	28	10	14	11	16	8	36	11	17	10	25	0									
6	Число погашенных избирательных бюллетеней	6766	206	177	202	184	229	377	288	107	234	353	392	111	180	262	50	184	249	96	36	86	57	41	58	42	216	9	46	25	139	127	81	90	176	0	67	97	16	100	4	6	56	115	154	171	20	36	23	22	66	46	178	9	46	10	32	99	76	38	114	49	4	2									
7	Число избирательных бюллетеней в переносных ящиках для голосования	2068	33	46	29	34	37	99	35	48	52	40	93	40	39	37	7	24	47	13	32	37	15	11	8	9	87	5	17	4	21	10	29	17	18	13	85	18	12	35	5	11	72	245	15	47	11	15	3	15	54	153	28	10	14	11	16	8	36	11	17	10	25	0									
8	Число бюллетеней в стационарных ящиках для голосования	26519	661	727	669	582	1234	1024	877	945	614	1507	1215	449	881	901	193	892	704	341	152	297	178	248	334	178	547	42	297	111	389	513	390	293	606	110	398	435	95	415	75	42	272	640	331	682	189	199	154	133	280	131	544	80	150	73	117	593	438	171	289	121	145	226									
9	Число недействительных избирательных бюллетеней	282	2	0	6	9	10	14	9	13	6	15	21	13	11	13	1	16	11	1	0	3	1	4	5	0	9	0	2	2	9	5	1	4	2	2	5	9	1	8	1	1	0	2	4	3	2	1	0	1	0	0	1	0	2	0	0	7	1	8	4	0	1	0									
10	Число действительных избирательных бюллетеней	28305	692	773	692	607	1261	1109	903	980	660	1532	1287	476	909	925	199	900	740	353	184	331	192	255	337	187	625	47	312	113	401	518	418	306	622	121	478	444	106	442	79	52	344	883	342	726	198	213	157	147	334	284	571	90	162	84	133	594	473	174	302	131	169	226									
11	Число полученных открепительных  удостоверений	705	17	10	18	16	20	16	16	28	25	34	25	10	12	26	5	12	14	26	17	9	12	11	10	5	22	7	10	5	16	22	11	8	17	1	8	11	5	13	3	3	20	13	10	15	0	5	5	5	5	7	13	0	5	3	5	13	8	5	9	3	0	0									
12	Число открепительных удостоверений, выданных избирателям на избирательном участке	675	17	10	17	16	20	16	15	26	25	34	25	10	12	26	5	12	14	26	17	9	12	8	10	5	22	7	8	4	16	22	11	7	17	1	8	11	1	13	1	3	20	13	8	15	0	5	5	5	5	7	13	0	3	1	1	13	8	3	8	3	0	0									
13	Число избирателей, проголосовавших по открепительным удостоверениям	468	19	20	9	6	15	12	14	34	6	14	12	7	10	8	7	27	9	12	2	4	3	6	9	3	5	5	7	4	2	5	1	3	0	1	6	2	1	5	5	2	4	13	2	5	0	2	3	3	4	2	10	0	4	1	0	52	3	2	2	2	2	30									
14	Число неиспользованных открепительных удостоверений	30	0	0	1	0	0	0	1	2	0	0	0	0	0	0	0	0	0	0	0	0	0	3	0	0	0	0	2	1	0	0	0	1	0	0	0	0	4	0	2	0	0	0	2	0	0	0	0	0	0	0	0	0	2	2	4	0	0	2	1	0	0	0									
15	Число открепительных удостоверений, выданных избирателям ТИК	95	0	0	0	0	4	0	2	1	0	1	2	1	1	1	0	0	3	9	1	1	0	1	0	0	9	0	2	0	2	0	1	0	5	0	1	9	3	0	0	0	0	3	2	6	0	0	0	0	0	0	2	0	0	0	0	2	13	6	0	1	0	0									
16	Число утраченных открепительных удостоверений	0	0	0	0	0	0	0	0	0	0	0	0	0	0	0	0	0	0	0	0	0	0	0	0	0	0	0	0	0	0	0	0	0	0	0	0	0	0	0	0	0	0	0	0	0	0	0	0	0	0	0	0	0	0	0	0	0	0	0	0	0	0	0									
17	Число утраченных избирательных бюллетеней	0	0	0	0	0	0	0	0	0	0	0	0	0	0	0	0	0	0	0	0	0	0	0	0	0	0	0	0	0	0	0	0	0	0	0	0	0	0	0	0	0	0	0	0	0	0	0	0	0	0	0	0	0	0	0	0	0	0	0	0	0	0	0									
18	Число избирательных бюллетеней, не учтенных при получении	0	0	0	0	0	0	0	0	0	0	0	0	0	0	0	0	0	0	0	0	0	0	0	0	0	0	0	0	0	0	0	0	0	0	0	0	0	0	0	0	0	0	0	0	0	0	0	0	0	0	0	0	0	0	0	0	0	0	0	0	0	0	0									
																																																																									
19	Жириновский Владимир Вольфович	2413	74	88	46	44	29	143	110	68	75	190	141	65	72	95	26	129	30	33	15	13	9	16	36	16	28	1	20	6	51	73	23	46	88	4	18	14	7	36	1	2	4	26	39	29	17	10	10	3	30	25	37	3	13	3	4	37	54	23	17	26	12	10									
		8.44%	10.66%	11.38%	6.59%	7.14%	2.28%	12.73%	12.06%	6.85%	11.26%	12.28%	10.78%	13.29%	7.83%	10.13%	13.00%	14.08%	3.99%	9.32%	8.15%	3.89%	4.66%	6.18%	10.53%	8.56%	4.42%	2.13%	6.37%	5.22%	12.44%	13.96%	5.49%	14.84%	14.10%	3.25%	3.73%	3.09%	6.54%	8.00%	1.25%	3.77%	1.16%	2.94%	11.27%	3.98%	8.50%	4.67%	6.37%	2.03%	8.98%	8.80%	6.47%	3.33%	7.93%	3.57%	3.01%	6.16%	11.39%	12.64%	5.56%	19.85%	7.06%	4.42%									
20	Зюганов Геннадий Андреевич	2323	87	49	49	48	32	160	133	72	94	184	173	51	89	111	29	82	47	29	11	19	7	10	20	7	32	1	15	5	39	74	55	47	65	3	36	14	2	41	1	2	5	11	24	20	9	5	5	6	24	9	23	5	8	3	5	43	42	15	17	8	9	2									
		8.13%	12.54%	6.34%	7.02%	7.79%	2.52%	14.25%	14.58%	7.25%	14.11%	11.89%	13.23%	10.43%	9.67%	11.83%	14.50%	8.95%	6.26%	8.19%	5.98%	5.69%	3.63%	3.86%	5.85%	3.74%	5.05%	2.13%	4.78%	4.35%	9.51%	14.15%	13.13%	15.16%	10.42%	2.44%	7.45%	3.09%	1.87%	9.11%	1.25%	3.77%	1.45%	1.24%	6.94%	2.74%	4.50%	2.34%	3.18%	4.05%	7.19%	3.17%	4.02%	5.56%	4.88%	3.57%	3.76%	7.15%	8.86%	8.24%	5.56%	6.11%	5.29%	0.88%									
21	Миронов Сергей Михайлович	672	31	16	0	21	18	28	32	32	27	63	51	26	35	39	4	23	9	3	3	7	4	3	12	1	7	0	4	2	7	17	11	10	13	0	5	5	0	8	1	0	2	8	10	5	3	3	2	1	8	4	10	0	0	1	1	10	9	1	8	5	2	1									
		2.35%	4.47%	2.07%	0.00%	3.41%	1.42%	2.49%	3.51%	3.22%	4.05%	4.07%	3.90%	5.32%	3.80%	4.16%	2.00%	2.51%	1.20%	0.85%	1.63%	2.10%	2.07%	1.16%	3.51%	0.53%	1.10%	0.00%	1.27%	1.74%	1.71%	3.25%	2.63%	3.23%	2.08%	0.00%	1.04%	1.10%	0.00%	1.78%	1.25%	0.00%	0.58%	0.90%	2.89%	0.69%	1.50%	1.40%	1.27%	0.68%	2.40%	1.41%	1.75%	0.00%	0.00%	1.19%	0.75%	1.66%	1.90%	0.55%	2.61%	3.82%	1.18%	0.44%									
22	Прохоров Михаил Дмитриевич	1203	56	29	28	31	29	70	56	43	39	120	127	22	61	82	10	61	18	4	0	5	4	3	10	8	7	0	6	2	8	21	11	10	23	1	9	2	0	9	1	1	5	7	25	28	2	2	3	0	2	10	14	1	2	1	1	37	17	1	10	3	2	3									
		4.21%	8.07%	3.75%	4.01%	5.03%	2.28%	6.23%	6.14%	4.33%	5.86%	7.76%	9.71%	4.50%	6.63%	8.74%	5.00%	6.66%	2.40%	1.13%	0.00%	1.50%	2.07%	1.16%	2.92%	4.28%	1.10%	0.00%	1.91%	1.74%	1.95%	4.02%	2.63%	3.23%	3.69%	0.81%	1.86%	0.44%	0.00%	2.00%	1.25%	1.89%	1.45%	0.79%	7.23%	3.84%	1.00%	0.93%	1.91%	0.00%	0.60%	3.52%	2.45%	1.11%	1.22%	1.19%	0.75%	6.16%	3.59%	0.55%	3.27%	2.29%	1.18%	1.33%									
23	Путин Владимир Владимирович	21694	444	591	569	463	1153	708	572	765	425	975	795	312	652	598	130	605	636	284	155	287	168	223	259	155	551	45	267	98	296	333	318	193	433	113	410	409	97	348	75	47	328	831	244	644	167	193	137	137	270	236	487	81	139	76	122	467	351	134	250	89	144	210									
		75.89%	63.98%	76.46%	81.52%	75.16%	90.72%	63.05%	62.72%	77.04%	63.81%	63.03%	60.78%	63.80%	70.87%	63.75%	65.00%	66.05%	84.69%	80.23%	84.24%	85.93%	87.05%	86.10%	75.73%	82.89%	86.91%	95.74%	85.03%	85.22%	72.20%	63.67%	75.89%	62.26%	69.39%	91.87%	84.89%	90.29%	90.65%	77.33%	93.75%	88.68%	95.35%	93.90%	70.52%	88.34%	83.50%	90.19%	87.26%	92.57%	80.84%	83.10%	85.14%	90.00%	84.76%	90.48%	91.73%	77.70%	74.05%	73.63%	81.70%	67.94%	84.71%	92.92%									
																																																																									
																																																																									
																																																																									
																																																																									
																																																																									
																																																																									
																																																																									
																																																																									
																																																																									
																																																																									
																																																																									
																																																																									
																																																																									
																																																																									
																																																																									
																																																																									
																																																																									
																																																																									
																																																																									
																																																																									
																																																																									
																																																																									
																																																																									
																																																																									
																																																																									
																																																																									
																																																																									
