Выборы Президента Российской Федерации																																																				
Дата голосования: 02.03.2008																																																				
																																																				
Наименование Избирательной комиссии:    Советско-Гаванская																																																				
																																																				
Сводная таблица результатов выборов																																																				
																																																				
	Число участковых избирательных комиссий	45																																																		
	"Число участковых избирательных комиссий, приступивших к передаче сведений"	45																																																		
																																																				
		Сумма	УИК №328	УИК №329	УИК №330	УИК №331	УИК №332	УИК №333	УИК №334	УИК №335	УИК №336	УИК №337	УИК №338	УИК №339	УИК №340	УИК №341	УИК №342	УИК №343	УИК №344	УИК №345	УИК №346	УИК №347	УИК №348	УИК №349	УИК №799	УИК №800	УИК №801	УИК №802	УИК №803	УИК №804	УИК №805	УИК №806	УИК №807	УИК №808	УИК №809	УИК №810	УИК №811	УИК №812	УИК №813	УИК №814	УИК №815	УИК №816	УИК №817	УИК №818	УИК №826	УИК №827	УИК №828					
1	"Число избирателей, включенных в списки избирателей"	33985	2105	1930	2799	1341	210	2435	2189	1945	1373	1547	1379	381	277	1014	289	699	1464	643	1855	2083	2609	2374	26	43	62	62	27	17	20	21	16	21	45	15	17	93	82	29	5	18	123	90	95	107	10					
2	"Число избирательных бюллетеней, полученных участковыми избирательными комиссиями"	33992	2074	1800	2787	1821	210	2390	2100	1942	1295	1600	1334	358	246	940	300	628	1472	679	1800	2165	2618	2385	26	44	65	62	27	17	20	21	16	21	45	15	17	93	82	29	5	18	123	90	95	107	10					
3	"Число избирательных бюллетеней, выданных избирателям, проголосовавшим досрочно"	26	0	0	0	0	0	0	0	0	0	0	0	0	0	0	0	0	0	0	0	0	0	26	0	0	0	0	0	0	0	0	0	0	0	0	0	0	0	0	0	0	0	0	0	0	0					
4	"Число избирательных бюллетеней, выданных в помещениях для голосования в день голосования"	22963	1384	1188	1868	1261	0	1684	1491	1360	828	1077	870	278	147	587	227	430	1015	469	1295	1248	1712	1571	26	43	62	62	27	17	20	21	16	21	45	15	17	93	82	29	5	18	75	90	72	107	10					
5	"Число избирательных бюллетеней, выданных вне помещений для голосования в день голосования"	1649	49	102	74	80	210	92	74	59	49	31	68	31	63	75	17	72	85	42	55	84	51	186	0	0	0	0	0	0	0	0	0	0	0	0	0	0	0	0	0	0	0	0	0	0	0					
6	Число погашенных избирательных бюллетеней	9354	641	510	845	480	0	614	535	523	418	492	396	49	36	278	56	126	372	168	450	833	855	602	0	1	3	0	0	0	0	0	0	0	0	0	0	0	0	0	0	0	48	0	23	0	0					
7	Число избирательных бюллетеней в переносных ящиках для голосования	1674	49	102	73	80	210	92	74	59	49	31	68	31	63	75	17	72	85	42	55	84	51	212	0	0	0	0	0	0	0	0	0	0	0	0	0	0	0	0	0	0	0	0	0	0	0					
8	Число бюллетеней в стационарных ящиках для голосования	22962	1384	1188	1868	1261	0	1684	1491	1360	828	1077	870	278	147	587	227	430	1015	469	1295	1248	1712	1570	26	43	62	62	27	17	20	21	16	21	45	15	17	93	82	29	5	18	75	90	72	107	10					
9	Число недействительных избирательных бюллетеней	383	21	19	38	16	0	23	17	25	14	13	11	3	2	5	3	5	12	10	18	21	26	22	0	1	3	1	0	0	0	0	0	0	0	0	0	0	22	4	0	1	0	2	2	23	0					
10	Число действительных избирательных бюллетеней	24253	1412	1271	1903	1325	210	1753	1548	1394	863	1095	927	306	208	657	241	497	1088	501	1332	1311	1737	1760	26	42	59	61	27	17	20	21	16	21	45	15	17	93	60	25	5	17	75	88	70	84	10					
11	Число полученных открепительных  удостоверений	428	20	20	30	25	0	20	25	25	15	15	15	7	5	10	11	18	20	15	27	30	40	35	0	0	0	0	0	0	0	0	0	0	0	0	0	0	0	0	0	0	0	0	0	0	0					
12	"Число открепительных удостоверений, выданных избирателям на избирательных участках"	363	13	14	30	15	0	14	24	19	13	15	13	2	3	10	3	17	20	14	27	25	39	33	0	0	0	0	0	0	0	0	0	0	0	0	0	0	0	0	0	0	0	0	0	0	0					
13	"Число избирателей, проголосовавших по открепительным удостоверениям"	146	8	4	19	4	6	9	5	12	5	6	10	6	0	1	3	11	9	3	3	6	6	10	0	0	0	0	0	0	0	0	0	0	0	0	0	0	0	0	0	0	0	0	0	0	0					
14	Число неиспользованных открепительных удостоверений	65	7	6	0	10	0	6	1	6	2	0	2	5	2	0	8	1	0	1	0	5	1	2	0	0	0	0	0	0	0	0	0	0	0	0	0	0	0	0	0	0	0	0	0	0	0					
15	"Число открепительных удостоверений, выданных избирателям ТИК"	65	2	1	10	9	0	4	8	5	1	7	4	0	0	3	2	0	0	0	1	4	1	3	0	0	0	0	0	0	0	0	0	0	0	0	0	0	0	0	0	0	0	0	0	0	0					
16	Число утраченных избирательных бюллетеней	0	0	0	0	0	0	0	0	0	0	0	0	0	0	0	0	0	0	0	0	0	0	0	0	0	0	0	0	0	0	0	0	0	0	0	0	0	0	0	0	0	0	0	0	0	0					
17	"Число избирательных бюллетеней, не учтенных при получении"	0	0	0	0	0	0	0	0	0	0	0	0	0	0	0	0	0	0	0	0	0	0	0	0	0	0	0	0	0	0	0	0	0	0	0	0	0	0	0	0	0	0	0	0	0	0					
17а	Число утраченных открепительных удостоверений	0	0	0	0	0	0	0	0	0	0	0	0	0	0	0	0	0	0	0	0	0	0	0	0	0	0	0	0	0	0	0	0	0	0	0	0	0	0	0	0	0	0	0	0	0	0					
17б	"Число открепительных удостоверений, не учтенных при получении"	0	0	0	0	0	0	0	0	0	0	0	0	0	0	0	0	0	0	0	0	0	0	0	0	0	0	0	0	0	0	0	0	0	0	0	0	0	0	0	0	0	0	0	0	0	0					
"Число голосов избирателей, поданных за каждый список"																																																				
18	Богданов Андрей Владимирович	420	34	16	31	23	6	35	35	24	19	21	16	5	5	8	2	6	19	8	13	21	25	22	0	0	2	0	0	0	0	1	0	1	2	0	0	5	2	3	2	0	1	0	5	2	0					
		1.70%	2.37%	1.24%	1.60%	1.72%	2.86%	1.97%	2.24%	1.69%	2.17%	1.90%	1.71%	1.62%	2.38%	1.21%	0.82%	1.20%	1.73%	1.57%	0.96%	1.58%	1.42%	1.23%	0.00%	0.00%	3.23%	0.00%	0.00%	0.00%	0.00%	4.76%	0.00%	4.76%	4.44%	0.00%	0.00%	5.38%	2.44%	10.34%	40.00%	0.00%	1.33%	0.00%	6.94%	1.87%	0.00%					
19	Жириновский Владимир Вольфович	3211	156	164	266	140	19	200	177	145	121	117	140	55	39	76	52	73	135	39	221	205	196	240	9	15	15	6	0	1	1	9	6	3	9	2	3	17	22	10	3	8	16	26	22	29	3					
		13.03%	10.89%	12.71%	13.70%	10.44%	9.05%	11.26%	11.31%	10.22%	13.80%	10.56%	14.93%	17.80%	18.57%	11.48%	21.31%	14.54%	12.27%	7.63%	16.37%	15.39%	11.12%	13.47%	34.62%	34.88%	24.19%	9.68%	0.00%	5.88%	5.00%	42.86%	37.50%	14.29%	20.00%	13.33%	17.65%	18.28%	26.83%	34.48%	60.00%	44.44%	21.33%	28.89%	30.56%	27.10%	30.00%					
20	Зюганов Геннадий Андреевич	5061	339	278	475	372	38	436	350	394	175	265	186	72	31	147	30	62	180	93	159	208	305	356	1	2	5	7	0	1	0	1	0	4	8	2	5	10	10	2	0	4	11	27	6	3	1					
		20.54%	23.66%	21.55%	24.47%	27.74%	18.10%	24.55%	22.36%	27.77%	19.95%	23.92%	19.83%	23.30%	14.76%	22.21%	12.30%	12.35%	16.36%	18.20%	11.78%	15.62%	17.30%	19.98%	3.85%	4.65%	8.06%	11.29%	0.00%	5.88%	0.00%	4.76%	0.00%	19.05%	17.78%	13.33%	29.41%	10.75%	12.20%	6.90%	0.00%	22.22%	14.67%	30.00%	8.33%	2.80%	10.00%					
21	Медведев Дмитрий Анатольевич	15561	883	813	1131	790	147	1082	986	831	548	692	585	174	133	426	157	356	754	361	939	877	1211	1142	16	25	37	48	27	15	19	10	10	13	26	11	9	61	26	10	0	5	47	35	37	50	6					
		63.16%	61.62%	63.02%	58.27%	58.91%	70.00%	60.92%	63.00%	58.56%	62.49%	62.45%	62.37%	56.31%	63.33%	64.35%	64.34%	70.92%	68.55%	70.65%	69.56%	65.84%	68.69%	64.09%	61.54%	58.14%	59.68%	77.42%	100.00%	88.24%	95.00%	47.62%	62.50%	61.90%	57.78%	73.33%	52.94%	65.59%	31.71%	34.48%	0.00%	27.78%	62.67%	38.89%	51.39%	46.73%	60.00%					
																																																				
																																																				
																																																				
																																																				
																																																				
																																																				
																																																				
																																																				
																																																				
																																																				
																																																				
																																																				
																																																				
																																																				
																																																				
																																																				
																																																				
																																																				
