Выборы Президента Российской Федерации																																															
Дата голосования: 02.03.2008																																															
																																															
Наименование Избирательной комиссии:    Троицкая																																															
																																															
Сводная таблица результатов выборов																																															
																																															
	Число участковых избирательных комиссий	40																																													
	"Число участковых избирательных комиссий, приступивших к передаче сведений"	40																																													
																																															
		Сумма	УИК №1614	УИК №1615	УИК №1616	УИК №1617	УИК №1618	УИК №1619	УИК №1620	УИК №1621	УИК №1622	УИК №1623	УИК №1624	УИК №1625	УИК №1626	УИК №1627	УИК №1628	УИК №1629	УИК №1630	УИК №1631	УИК №1632	УИК №1633	УИК №1634	УИК №1635	УИК №1636	УИК №1637	УИК №1638	УИК №1639	УИК №1640	УИК №1641	УИК №1642	УИК №1643	УИК №1644	УИК №1645	УИК №1646	УИК №1647	УИК №1648	УИК №1649	УИК №1650	УИК №1651	УИК №1652	УИК №1653					
1	"Число избирателей, включенных в списки избирателей"	22602	1099	1048	2054	1563	1742	914	656	120	126	1295	217	153	95	409	622	171	238	401	121	509	309	464	166	552	96	621	183	528	701	158	156	1220	415	101	1271	327	1152	468	82	79					
2	"Число избирательных бюллетеней, полученных участковыми избирательными комиссиями"	22327	1050	1034	2047	1564	1698	911	652	117	123	1238	206	155	100	417	615	173	244	407	112	523	318	477	163	538	94	647	179	536	711	161	153	1196	409	99	1258	326	1043	474	80	79					
3	"Число избирательных бюллетеней, выданных избирателям, проголосовавшим досрочно"	0	0	0	0	0	0	0	0	0	0	0	0	0	0	0	0	0	0	0	0	0	0	0	0	0	0	0	0	0	0	0	0	0	0	0	0	0	0	0	0	0					
4	"Число избирательных бюллетеней, выданных в помещениях для голосования в день голосования"	12597	565	531	1145	794	920	434	278	79	94	696	147	106	40	267	350	121	143	242	87	351	198	263	110	371	80	450	116	321	401	99	107	628	241	71	663	154	551	265	56	62					
5	"Число избирательных бюллетеней, выданных вне помещений для голосования в день голосования"	1654	135	69	83	88	101	60	91	12	6	83	19	8	28	14	32	14	29	24	12	39	37	49	18	34	13	36	12	13	56	6	19	93	18	10	109	32	115	28	6	3					
6	Число погашенных избирательных бюллетеней	8076	350	434	819	682	677	417	283	26	23	459	40	41	32	136	233	38	72	141	13	133	83	165	35	133	1	161	51	202	254	56	27	475	150	18	486	140	377	181	18	14					
7	Число избирательных бюллетеней в переносных ящиках для голосования	1654	135	69	83	88	101	60	91	12	6	83	19	8	28	14	32	14	29	24	12	39	37	49	18	34	13	36	12	13	56	6	19	93	18	10	109	32	115	28	6	3					
8	Число бюллетеней в стационарных ящиках для голосования	12593	565	531	1143	794	920	434	278	79	94	696	147	106	40	267	350	121	143	242	87	351	198	263	110	371	80	450	116	321	401	99	107	628	241	71	663	154	550	265	56	61					
9	Число недействительных избирательных бюллетеней	192	8	3	17	7	16	7	7	2	1	8	0	0	0	3	3	3	4	1	1	3	1	8	2	7	1	7	2	4	8	1	3	10	6	0	15	1	15	5	2	0					
10	Число действительных избирательных бюллетеней	14055	692	597	1209	875	1005	487	362	89	99	771	166	114	68	278	379	132	168	265	98	387	234	304	126	398	92	479	126	330	449	104	123	711	253	81	757	185	650	288	60	64					
11	Число полученных открепительных  удостоверений	196	10	9	12	11	12	5	5	3	3	5	3	3	3	5	5	2	4	4	3	5	4	4	3	5	3	5	3	5	5	3	3	5	4	3	6	4	9	5	3	2					
12	"Число открепительных удостоверений, выданных избирателям на избирательных участках"	96	10	7	12	11	8	1	0	0	0	4	0	1	0	2	5	2	0	0	1	0	2	1	2	4	0	3	0	2	3	1	0	5	1	0	2	0	4	2	0	0					
13	"Число избирателей, проголосовавших по открепительным удостоверениям"	71	1	4	4	5	1	1	3	0	2	2	3	1	1	1	4	3	1	1	1	1	0	2	2	2	1	1	1	3	2	0	0	6	2	1	2	0	3	2	0	1					
14	Число неиспользованных открепительных удостоверений	100	0	2	0	0	4	4	5	3	3	1	3	2	3	3	0	0	4	4	2	5	2	3	1	1	3	2	3	3	2	2	3	0	3	3	4	4	5	3	3	2					
15	"Число открепительных удостоверений, выданных избирателям ТИК"	3	0	0	0	1	1	0	0	0	0	0	0	0	0	0	0	0	0	0	0	1	0	0	0	0	0	0	0	0	0	0	0	0	0	0	0	0	0	0	0	0					
16	Число утраченных избирательных бюллетеней	0	0	0	0	0	0	0	0	0	0	0	0	0	0	0	0	0	0	0	0	0	0	0	0	0	0	0	0	0	0	0	0	0	0	0	0	0	0	0	0	0					
17	"Число избирательных бюллетеней, не учтенных при получении"	0	0	0	0	0	0	0	0	0	0	0	0	0	0	0	0	0	0	0	0	0	0	0	0	0	0	0	0	0	0	0	0	0	0	0	0	0	0	0	0	0					
17а	Число утраченных открепительных удостоверений	0	0	0	0	0	0	0	0	0	0	0	0	0	0	0	0	0	0	0	0	0	0	0	0	0	0	0	0	0	0	0	0	0	0	0	0	0	0	0	0	0					
17б	"Число открепительных удостоверений, не учтенных при получении"	0	0	0	0	0	0	0	0	0	0	0	0	0	0	0	0	0	0	0	0	0	0	0	0	0	0	0	0	0	0	0	0	0	0	0	0	0	0	0	0	0					
"Число голосов избирателей, поданных за каждый список"																																															
18	Богданов Андрей Владимирович	152	12	7	12	10	12	5	3	0	3	9	1	3	0	3	1	1	1	0	1	2	1	5	1	4	0	3	0	7	4	2	0	9	2	0	9	6	5	4	1	3					
		1.07%	1.71%	1.17%	0.98%	1.13%	1.18%	1.01%	0.81%	0.00%	3.00%	1.16%	0.60%	2.63%	0.00%	1.07%	0.26%	0.74%	0.58%	0.00%	1.01%	0.51%	0.43%	1.60%	0.78%	0.99%	0.00%	0.62%	0.00%	2.10%	0.88%	1.90%	0.00%	1.25%	0.77%	0.00%	1.17%	3.23%	0.75%	1.37%	1.61%	4.69%					
19	Жириновский Владимир Вольфович	2121	78	91	151	128	114	64	49	24	16	116	45	40	21	65	48	8	37	35	12	42	32	49	11	61	21	67	25	52	80	18	12	149	37	28	108	21	74	63	23	6					
		14.89%	11.14%	15.17%	12.32%	14.51%	11.17%	12.96%	13.28%	26.37%	16.00%	14.89%	27.11%	35.09%	30.88%	23.13%	12.57%	5.93%	21.51%	13.16%	12.12%	10.77%	13.62%	15.71%	8.59%	15.06%	22.58%	13.79%	19.53%	15.57%	17.51%	17.14%	9.52%	20.67%	14.29%	34.57%	13.99%	11.29%	11.13%	21.50%	37.10%	9.38%					
20	Зюганов Геннадий Андреевич	3262	185	133	329	244	264	113	67	22	29	219	14	14	10	45	98	26	37	94	14	68	57	94	53	36	6	55	10	74	69	21	25	144	57	9	246	63	133	64	5	16					
		22.90%	26.43%	22.17%	26.84%	27.66%	25.86%	22.87%	18.16%	24.18%	29.00%	28.11%	8.43%	12.28%	14.71%	16.01%	25.65%	19.26%	21.51%	35.34%	14.14%	17.44%	24.26%	30.13%	41.41%	8.89%	6.45%	11.32%	7.81%	22.16%	15.10%	20.00%	19.84%	19.97%	22.01%	11.11%	31.87%	33.87%	20.00%	21.84%	8.06%	25.00%					
21	Медведев Дмитрий Анатольевич	8520	417	366	717	493	615	305	243	43	51	427	106	57	37	165	232	97	93	136	71	275	144	156	61	297	65	354	91	197	296	63	86	409	157	44	394	95	438	157	31	39					
		59.80%	59.57%	61.00%	58.48%	55.90%	60.24%	61.74%	65.85%	47.25%	51.00%	54.81%	63.86%	50.00%	54.41%	58.72%	60.73%	71.85%	54.07%	51.13%	71.72%	70.51%	61.28%	50.00%	47.66%	73.33%	69.89%	72.84%	71.09%	58.98%	64.77%	60.00%	68.25%	56.73%	60.62%	54.32%	51.04%	51.08%	65.86%	53.58%	50.00%	60.94%					
																																															
																																															
																																															
																																															
																																															
																																															
																																															
																																															
																																															
																																															
																																															
																																															
																																															
																																															
																																															
																																															
																																															
																																															
