Выборы Президента Российской Федерации																																																								
Дата голосования: 02.03.2008																																																								
																																																								
Наименование Избирательной комиссии:    Волжская																																																								
																																																								
Сводная таблица результатов выборов																																																								
																																																								
	Число участковых избирательных комиссий	49																																																						
	"Число участковых избирательных комиссий, приступивших к передаче сведений"	49																																																						
																																																								
		Сумма	УИК №147	УИК №148	УИК №149	УИК №150	УИК №151	УИК №152	УИК №153	УИК №154	УИК №155	УИК №156	УИК №157	УИК №158	УИК №159	УИК №160	УИК №161	УИК №162	УИК №163	УИК №164	УИК №165	УИК №166	УИК №167	УИК №168	УИК №169	УИК №170	УИК №171	УИК №172	УИК №173	УИК №174	УИК №175	УИК №176	УИК №177	УИК №178	УИК №179	УИК №180	УИК №181	УИК №182	УИК №183	УИК №184	УИК №185	УИК №186	УИК №187	УИК №188	УИК №189	УИК №190	УИК №191	УИК №192	УИК №193	УИК №194	УИК №195					
1	"Число избирателей, включенных в списки избирателей"	58545	1535	1910	1736	330	1923	1809	1602	932	799	874	402	476	286	192	1870	1606	666	285	2570	534	431	1168	911	388	685	415	2177	1052	291	254	804	2672	2559	2450	2250	1350	1004	1201	1175	1624	1027	1893	1721	1028	1511	1957	259	1594	357					
2	"Число избирательных бюллетеней, полученных участковыми избирательными комиссиями"	56000	1500	1800	1700	300	1900	1800	1500	800	700	800	400	450	250	200	1800	1600	600	250	2300	450	400	1100	900	350	650	400	2000	1000	250	250	750	2500	2500	2500	2500	1300	1000	1200	1000	1500	1000	1800	1600	850	1500	2000	250	1500	350					
3	"Число избирательных бюллетеней, выданных избирателям, проголосовавшим досрочно"	0	0	0	0	0	0	0	0	0	0	0	0	0	0	0	0	0	0	0	0	0	0	0	0	0	0	0	0	0	0	0	0	0	0	0	0	0	0	0	0	0	0	0	0	0	0	0	0	0	0					
4	"Число избирательных бюллетеней, выданных в помещениях для голосования в день голосования"	33061	1030	1118	1033	227	851	868	740	368	278	359	124	150	136	153	978	814	470	198	1697	363	292	593	433	222	327	155	1540	812	191	189	483	1605	1644	1292	1662	613	380	562	385	832	515	1252	660	799	1109	1028	122	1176	233					
5	"Число избирательных бюллетеней, выданных вне помещений для голосования в день голосования"	2572	45	94	37	13	37	58	41	34	31	21	24	26	99	15	44	93	35	7	105	19	29	29	52	26	25	0	81	55	30	8	101	78	92	13	57	170	80	32	110	38	42	25	66	34	150	74	45	127	25					
6	Число погашенных избирательных бюллетеней	20367	425	588	630	60	1012	874	719	398	391	420	252	274	15	32	778	693	95	45	498	68	79	478	415	102	298	245	379	133	29	53	166	817	764	1195	781	517	540	606	505	630	443	523	874	17	241	898	83	197	92					
7	Число избирательных бюллетеней в переносных ящиках для голосования	2572	45	94	37	13	37	58	41	34	31	21	24	26	99	15	44	93	35	7	105	19	29	29	52	26	25	0	81	55	30	8	101	78	92	13	57	170	80	32	110	38	42	25	66	34	150	74	45	127	25					
8	Число бюллетеней в стационарных ящиках для голосования	33030	1030	1118	1033	227	851	865	740	368	278	359	124	150	136	153	978	814	470	198	1697	363	292	593	433	222	327	155	1540	812	191	189	483	1605	1639	1292	1662	613	380	562	385	832	515	1241	660	787	1109	1028	122	1176	233					
9	Число недействительных избирательных бюллетеней	414	4	10	6	1	21	12	21	2	3	4	0	0	0	0	7	6	12	3	16	5	2	5	28	0	8	4	16	3	0	0	7	19	20	18	31	8	2	9	4	16	18	7	15	12	6	18	0	5	0					
10	Число действительных избирательных бюллетеней	35188	1071	1202	1064	239	867	911	760	400	306	376	148	176	235	168	1015	901	493	202	1786	377	319	617	457	248	344	151	1605	864	221	197	577	1664	1711	1287	1688	775	458	585	491	854	539	1259	711	809	1253	1084	167	1298	258					
11	Число полученных открепительных  удостоверений	683	10	20	15	5	15	15	15	10	10	10	5	5	5	5	20	15	5	5	15	10	5	10	10	5	5	5	15	10	5	5	10	45	45	45	45	10	10	15	15	15	10	15	10	10	48	10	5	25	5					
12	"Число открепительных удостоверений, выданных избирателям на избирательных участках"	418	8	15	7	1	14	15	9	7	1	4	2	0	0	0	13	14	1	0	15	6	4	10	9	5	1	0	7	4	0	1	2	30	20	42	13	3	2	10	9	7	8	10	8	7	48	10	0	13	3					
13	"Число избирателей, проголосовавших по открепительным удостоверениям"	500	5	2	3	5	6	3	9	7	7	5	3	1	8	0	14	5	2	8	14	26	13	8	6	3	0	1	8	6	1	2	6	13	6	11	2	4	10	7	6	12	6	8	48	116	13	12	6	30	3					
14	Число неиспользованных открепительных удостоверений	265	2	5	8	4	1	0	6	3	9	6	3	5	5	5	7	1	4	5	0	4	1	0	1	0	4	5	8	6	5	4	8	15	25	3	32	7	8	5	6	8	2	5	2	3	0	0	5	12	2					
15	"Число открепительных удостоверений, выданных избирателям ТИК"	17	0	0	0	0	0	1	0	0	0	0	0	0	1	0	0	0	0	0	0	0	0	0	0	0	0	0	1	0	0	0	0	0	2	7	0	0	0	0	0	0	0	0	2	1	0	1	1	0	0					
16	Число утраченных избирательных бюллетеней	0	0	0	0	0	0	0	0	0	0	0	0	0	0	0	0	0	0	0	0	0	0	0	0	0	0	0	0	0	0	0	0	0	0	0	0	0	0	0	0	0	0	0	0	0	0	0	0	0	0					
17	"Число избирательных бюллетеней, не учтенных при получении"	0	0	0	0	0	0	0	0	0	0	0	0	0	0	0	0	0	0	0	0	0	0	0	0	0	0	0	0	0	0	0	0	0	0	0	0	0	0	0	0	0	0	0	0	0	0	0	0	0	0					
17а	Число утраченных открепительных удостоверений	0	0	0	0	0	0	0	0	0	0	0	0	0	0	0	0	0	0	0	0	0	0	0	0	0	0	0	0	0	0	0	0	0	0	0	0	0	0	0	0	0	0	0	0	0	0	0	0	0	0					
17б	"Число открепительных удостоверений, не учтенных при получении"	0	0	0	0	0	0	0	0	0	0	0	0	0	0	0	0	0	0	0	0	0	0	0	0	0	0	0	0	0	0	0	0	0	0	0	0	0	0	0	0	0	0	0	0	0	0	0	0	0	0					
"Число голосов избирателей, поданных за каждый список"																																																								
18	Богданов Андрей Владимирович	362	8	4	14	2	9	12	7	5	5	7	0	5	0	2	6	9	0	3	11	5	1	7	8	3	8	3	10	13	0	0	5	22	15	17	13	6	11	9	12	17	7	19	9	7	8	6	3	9	0					
		1.02%	0.74%	0.33%	1.31%	0.83%	1.01%	1.30%	0.90%	1.24%	1.62%	1.84%	0.00%	2.84%	0.00%	1.19%	0.59%	0.99%	0.00%	1.46%	0.61%	1.31%	0.31%	1.13%	1.65%	1.21%	2.27%	1.94%	0.62%	1.50%	0.00%	0.00%	0.86%	1.31%	0.87%	1.30%	0.76%	0.77%	2.39%	1.52%	2.42%	1.95%	1.26%	1.50%	1.24%	0.85%	0.64%	0.54%	1.80%	0.69%	0.00%					
19	Жириновский Владимир Вольфович	4444	87	158	105	33	106	106	100	57	44	49	13	28	11	10	98	113	58	39	162	64	40	85	68	26	48	30	177	77	25	19	88	323	269	207	331	67	44	62	69	116	36	89	78	126	201	130	21	104	47					
		12.48%	8.09%	13.04%	9.81%	13.75%	11.94%	11.48%	12.80%	14.18%	14.24%	12.89%	8.78%	15.91%	4.68%	5.95%	9.59%	12.46%	11.49%	19.02%	8.99%	16.75%	12.46%	13.67%	14.02%	10.48%	13.64%	19.35%	10.92%	8.88%	11.31%	9.64%	15.07%	19.19%	15.54%	15.86%	19.26%	8.56%	9.57%	10.44%	13.94%	13.33%	6.46%	7.03%	10.74%	15.35%	15.97%	11.80%	12.57%	7.98%	18.22%					
20	Зюганов Геннадий Андреевич	6191	208	275	256	49	192	164	182	55	63	86	38	23	39	24	189	183	70	22	294	66	71	151	85	61	71	37	232	180	72	29	107	157	181	183	123	111	123	129	102	264	100	183	157	116	224	237	39	144	44					
		17.39%	19.35%	22.69%	23.93%	20.42%	21.62%	17.77%	23.30%	13.68%	20.39%	22.63%	25.68%	13.07%	16.60%	14.29%	18.49%	20.18%	13.86%	10.73%	16.32%	17.28%	22.12%	24.28%	17.53%	24.60%	20.17%	23.87%	14.31%	20.76%	32.58%	14.72%	18.32%	9.33%	10.46%	14.02%	7.16%	14.18%	26.74%	21.72%	20.61%	30.34%	17.95%	14.45%	21.63%	14.13%	17.79%	21.51%	23.35%	11.05%	17.05%					
21	Медведев Дмитрий Анатольевич	24191	768	765	689	155	560	629	471	283	194	234	97	120	185	132	722	596	365	138	1319	242	207	374	296	158	217	81	1186	594	124	149	377	1162	1246	880	1221	591	280	385	308	457	396	968	467	560	820	711	104	1041	167					
		67.95%	71.44%	63.12%	64.39%	64.58%	63.06%	68.15%	60.31%	70.40%	62.78%	61.58%	65.54%	68.18%	78.72%	78.57%	70.65%	65.71%	72.28%	67.32%	73.20%	63.35%	64.49%	60.13%	61.03%	63.71%	61.65%	52.26%	73.16%	68.51%	56.11%	75.63%	64.55%	69.04%	71.98%	67.43%	71.03%	75.48%	60.87%	64.81%	62.22%	52.53%	71.10%	76.46%	64.33%	68.21%	65.13%	64.52%	62.28%	79.89%	64.73%					
																																																								
																																																								
																																																								
																																																								
																																																								
																																																								
																																																								
																																																								
																																																								
																																																								
																																																								
																																																								
																																																								
																																																								
																																																								
																																																								
																																																								
																																																								
