Выборы Президента Российской Федерации																																																																																										
Дата голосования: 04.03.2012																																																																																										
																																																																																										
Наименование Избирательной комиссии:    Пушкинская																																																																																										
																																																																																										
Сводная таблица итогов голосования																																																																																										
																																																																																										
	Число участковых избирательных комиссий	79																																																																																								
	Число участковых избирательных комиссий, приступивших к передаче сведений	79																																																																																								
																																																																																										
		Сумма	УИК №2291	УИК №2292	УИК №2293	УИК №2294	УИК №2295	УИК №2296	УИК №2297	УИК №2298	УИК №2299	УИК №2300	УИК №2301	УИК №2302	УИК №2303	УИК №2304	УИК №2305	УИК №2306	УИК №2307	УИК №2308	УИК №2309	УИК №2310	УИК №2311	УИК №2312	УИК №2313	УИК №2314	УИК №2315	УИК №2316	УИК №2317	УИК №2318	УИК №2319	УИК №2320	УИК №2321	УИК №2322	УИК №2323	УИК №2324	УИК №2325	УИК №2326	УИК №2327	УИК №2328	УИК №2329	УИК №2330	УИК №2331	УИК №2332	УИК №2333	УИК №2334	УИК №2335	УИК №2336	УИК №2337	УИК №2338	УИК №2339	УИК №2340	УИК №2341	УИК №2342	УИК №2343	УИК №2344	УИК №2345	УИК №2346	УИК №2347	УИК №2348	УИК №2349	УИК №2350	УИК №2351	УИК №2352	УИК №2353	УИК №2354	УИК №2355	УИК №2356	УИК №2357	УИК №2358	УИК №2359	УИК №2360	УИК №2361	УИК №2362	УИК №2363	УИК №2364	УИК №2365	УИК №2366	УИК №2367	УИК №2368	УИК №2369									
1	Число избирателей, включенных в список избирателей	139201	2674	2590	2881	1320	1531	2414	2767	2468	1970	2147	1778	2304	2416	2570	2513	2797	2629	1921	2744	2106	2879	1738	2131	2166	1787	2572	2408	2380	2262	532	982	2792	2173	668	1768	2102	1371	745	695	1113	411	2483	2114	681	1616	2560	2333	2560	2060	2231	1785	2776	712	1131	1308	1762	1439	1197	404	324	697	2608	2527	1917	993	2161	1409	575	267	202	526	964	910	2082	2959	2287	1535	454	437									
2	Число избирательных бюллетеней, полученных участковой избирательной комиссией	121000	2400	2300	2050	1100	1300	2200	2450	2150	1850	1900	1600	2050	2100	2250	2250	2550	2350	1700	2150	1850	2500	1550	1900	1950	1600	2300	2150	2150	1800	450	850	2500	1950	550	1550	1850	950	700	550	950	350	2050	1700	600	1300	2200	2000	2050	1850	1800	1650	2500	650	1000	1200	1550	1300	1050	350	300	600	2300	2200	1700	800	2000	1000	500	250	200	500	750	750	1800	2600	2000	1500	400	400									
3	Число избирательных бюллетеней, выданных избирателям, проголосовавшим досрочно	0	0	0	0	0	0	0	0	0	0	0	0	0	0	0	0	0	0	0	0	0	0	0	0	0	0	0	0	0	0	0	0	0	0	0	0	0	0	0	0	0	0	0	0	0	0	0	0	0	0	0	0	0	0	0	0	0	0	0	0	0	0	0	0	0	0	0	0	0	0	0	0	0	0	0	0	0	0	0	0									
4	Число избирательных бюллетеней, выданных в помещении для голосования в день голосования	77042	1401	1409	1495	705	680	1398	1571	1392	1176	1360	980	1161	1250	1449	1340	1721	1342	1045	1589	1131	1372	831	1110	1176	930	1455	1373	1369	1199	296	497	1872	1156	363	923	1140	593	350	411	534	166	1339	1615	280	956	1431	1226	1251	1128	1326	1023	1606	419	610	814	925	722	686	215	192	309	1507	1549	1018	560	1135	873	335	161	101	353	496	552	1188	1720	1280	934	251	245									
5	Число избирательных бюллетеней, выданных вне помещения для голосования в день голосования	5157	71	27	59	11	485	73	18	39	119	81	14	45	19	24	27	24	19	31	34	13	59	73	55	23	34	25	16	32	40	32	56	30	37	26	109	31	353	25	37	77	127	151	52	48	54	36	75	285	38	36	28	25	15	43	205	103	69	64	107	23	103	248	128	136	37	15	65	36	25	25	6	13	12	30	25	74	88	36	68									
6	Число погашенных избирательных бюллетеней	38801	928	864	496	384	135	729	861	719	555	459	606	844	831	777	883	805	989	624	527	706	1069	646	735	751	636	820	761	749	561	122	297	598	757	161	518	679	4	325	102	339	57	560	33	272	290	733	699	514	684	438	599	869	216	347	181	522	509	300	28	85	188	545	523	546	203	850	62	129	64	74	141	241	186	582	855	646	478	113	87									
7	Число избирательных бюллетеней в переносных ящиках для голосования	5157	71	27	59	11	485	73	18	39	119	81	14	45	19	24	27	24	19	31	34	13	59	73	55	23	34	25	16	32	40	32	56	30	37	26	109	31	353	25	37	77	127	151	52	48	54	36	75	285	38	36	28	25	15	43	205	103	69	64	107	23	103	248	128	136	37	15	65	36	25	25	6	13	12	30	25	74	88	36	68									
8	Число бюллетеней в стационарных ящиках для голосования	76988	1401	1409	1495	703	678	1396	1562	1392	1176	1360	980	1161	1247	1446	1339	1721	1342	1045	1589	1130	1369	831	1110	1176	930	1455	1369	1367	1199	296	497	1872	1156	363	923	1140	593	350	411	534	166	1339	1614	280	955	1429	1226	1251	1128	1324	1022	1604	419	610	814	925	722	686	215	192	309	1506	1545	1018	560	1128	873	335	161	101	353	496	552	1188	1719	1280	934	251	245									
9	Число недействительных избирательных бюллетеней	1445	29	26	25	15	25	26	26	19	24	30	15	12	10	26	23	27	16	27	26	15	25	2	25	21	21	32	37	27	30	2	8	12	15	6	17	34	18	8	8	11	6	34	33	20	13	29	32	35	19	22	15	22	11	17	14	10	17	11	3	4	7	34	38	23	9	19	46	3	2	3	3	6	9	24	18	13	13	4	3									
10	Число действительных избирательных бюллетеней	80700	1443	1410	1529	699	1138	1443	1554	1412	1271	1411	979	1194	1256	1444	1343	1718	1345	1049	1597	1128	1403	902	1140	1178	943	1448	1348	1372	1209	326	545	1890	1178	383	1015	1137	928	367	440	600	287	1456	1633	308	996	1436	1269	1501	1147	1338	1035	1607	423	636	1005	1018	774	739	319	211	405	1720	1635	1131	588	1124	892	368	184	123	356	503	555	1194	1726	1341	1009	283	310									
11	Число полученных открепительных  удостоверений	1960	36	38	35	15	10	23	34	26	26	31	25	26	28	31	29	32	45	25	39	29	31	20	27	24	21	30	31	25	25	10	10	42	35	10	30	35	18	18	10	23	11	40	10	10	15	29	29	30	30	30	23	40	10	22	27	20	15	15	8	5	10	50	30	25	12	126	16	10	7	4	15	27	26	25	45	25	15	5	10									
12	Число открепительных удостоверений, выданных избирателям на избирательном участке	1952	36	38	35	15	10	23	32	26	26	31	25	26	28	31	29	32	45	25	39	29	30	20	27	24	21	30	31	25	25	10	10	42	35	10	28	34	18	18	10	23	11	40	10	10	15	29	29	30	30	30	23	40	10	22	27	20	15	15	8	5	10	50	30	25	12	126	16	10	7	4	15	27	25	25	44	25	15	5	10									
13	Число избирателей, проголосовавших по открепительным удостоверениям	2887	31	34	27	44	194	34	29	125	34	32	12	30	44	19	18	33	20	13	13	17	31	15	19	9	12	44	10	16	48	17	38	48	20	30	35	15	33	26	38	54	15	139	79	18	113	32	24	30	11	84	18	29	11	23	13	25	18	16	10	3	12	13	46	6	42	122	38	53	17	2	49	78	67	94	100	25	19	12	20									
14	Число неиспользованных открепительных удостоверений	8	0	0	0	0	0	0	2	0	0	0	0	0	0	0	0	0	0	0	0	0	1	0	0	0	0	0	0	0	0	0	0	0	0	0	2	1	0	0	0	0	0	0	0	0	0	0	0	0	0	0	0	0	0	0	0	0	0	0	0	0	0	0	0	0	0	0	0	0	0	0	0	0	1	0	1	0	0	0	0									
15	Число открепительных удостоверений, выданных избирателям ТИК	86	3	2	2	0	2	2	3	4	1	1	0	1	0	4	2	3	1	0	0	0	1	3	0	0	2	1	4	3	2	0	1	0	6	1	2	15	0	1	0	1	0	0	0	0	0	0	0	0	1	0	0	1	0	1	0	0	0	0	0	0	0	0	1	0	2	0	0	1	1	0	0	1	0	2	1	0	0	0	0									
16	Число утраченных открепительных удостоверений	0	0	0	0	0	0	0	0	0	0	0	0	0	0	0	0	0	0	0	0	0	0	0	0	0	0	0	0	0	0	0	0	0	0	0	0	0	0	0	0	0	0	0	0	0	0	0	0	0	0	0	0	0	0	0	0	0	0	0	0	0	0	0	0	0	0	0	0	0	0	0	0	0	0	0	0	0	0	0	0									
17	Число утраченных избирательных бюллетеней	0	0	0	0	0	0	0	0	0	0	0	0	0	0	0	0	0	0	0	0	0	0	0	0	0	0	0	0	0	0	0	0	0	0	0	0	0	0	0	0	0	0	0	0	0	0	0	0	0	0	0	0	0	0	0	0	0	0	0	0	0	0	0	0	0	0	0	0	0	0	0	0	0	0	0	0	0	0	0	0									
18	Число избирательных бюллетеней, не учтенных при получении	0	0	0	0	0	0	0	0	0	0	0	0	0	0	0	0	0	0	0	0	0	0	0	0	0	0	0	0	0	0	0	0	0	0	0	0	0	0	0	0	0	0	0	0	0	0	0	0	0	0	0	0	0	0	0	0	0	0	0	0	0	0	0	0	0	0	0	0	0	0	0	0	0	0	0	0	0	0	0	0									
																																																																																										
19	Жириновский Владимир Вольфович	5673	77	89	123	34	104	76	99	88	79	92	58	78	83	76	76	95	114	76	112	80	86	48	57	74	68	119	99	91	60	31	48	153	83	28	54	93	32	23	28	38	14	115	267	15	50	118	107	83	55	85	51	123	31	39	56	87	70	74	16	13	31	125	151	84	37	75	75	36	16	8	21	28	44	103	129	96	89	15	19									
		6.91%	5.23%	6.20%	7.92%	4.76%	8.94%	5.17%	6.27%	6.15%	6.10%	6.38%	5.84%	6.47%	6.56%	5.17%	5.56%	5.44%	8.38%	7.06%	6.90%	6.99%	6.02%	5.31%	4.89%	6.17%	7.05%	8.04%	7.15%	6.50%	4.84%	9.45%	8.68%	8.04%	6.96%	7.20%	5.23%	7.94%	3.38%	6.13%	6.25%	6.22%	4.78%	7.72%	16.03%	4.57%	4.96%	8.05%	8.22%	5.40%	4.72%	6.25%	4.86%	7.55%	7.14%	5.97%	5.50%	8.46%	8.85%	9.87%	4.97%	6.05%	7.52%	7.13%	9.03%	7.28%	6.20%	6.56%	7.99%	9.70%	8.60%	6.35%	5.85%	5.50%	7.80%	8.46%	7.40%	7.09%	8.71%	5.23%	6.07%									
20	Зюганов Геннадий Андреевич	15561	282	326	333	119	193	334	342	297	277	260	209	248	268	319	297	401	251	203	255	242	239	193	193	198	163	306	283	339	272	65	86	308	271	78	210	192	137	77	69	141	65	208	154	66	181	330	261	284	260	283	283	329	83	136	109	156	162	121	41	35	67	288	329	205	91	159	151	68	46	18	63	75	123	241	332	244	116	75	47									
		18.94%	19.16%	22.70%	21.43%	16.67%	16.60%	22.74%	21.65%	20.75%	21.39%	18.04%	21.03%	20.56%	21.17%	21.70%	21.74%	22.98%	18.44%	18.87%	15.71%	21.17%	16.74%	21.35%	16.57%	16.51%	16.91%	20.68%	20.43%	24.23%	21.95%	19.82%	15.55%	16.19%	22.72%	20.05%	20.35%	16.40%	14.48%	20.53%	15.40%	23.08%	22.18%	13.96%	9.24%	20.12%	17.94%	22.53%	20.06%	18.49%	22.30%	20.81%	26.95%	20.20%	19.12%	20.83%	10.70%	15.18%	20.48%	16.13%	12.73%	16.28%	16.26%	16.42%	19.67%	17.76%	15.24%	13.91%	16.10%	18.33%	24.73%	14.29%	17.55%	14.73%	21.81%	19.79%	19.04%	18.02%	11.35%	26.13%	15.02%									
21	Миронов Сергей Михайлович	3663	83	87	89	30	51	68	79	62	41	67	50	60	63	76	83	85	60	56	66	41	51	29	48	60	21	72	84	71	67	24	20	84	50	15	55	53	22	15	29	33	13	64	57	13	54	87	55	60	67	60	52	80	17	29	45	30	25	31	10	13	20	56	56	31	35	42	32	31	4	3	7	23	21	55	82	60	24	7	12									
		4.46%	5.64%	6.06%	5.73%	4.20%	4.39%	4.63%	5.00%	4.33%	3.17%	4.65%	5.03%	4.98%	4.98%	5.17%	6.08%	4.87%	4.41%	5.20%	4.07%	3.59%	3.57%	3.21%	4.12%	5.00%	2.18%	4.86%	6.06%	5.08%	5.41%	7.32%	3.62%	4.42%	4.19%	3.86%	5.33%	4.53%	2.33%	4.00%	6.47%	5.40%	4.44%	4.30%	3.42%	3.96%	5.35%	5.94%	4.23%	3.91%	5.75%	4.41%	4.95%	4.91%	3.92%	4.44%	4.42%	2.92%	3.16%	4.13%	3.11%	6.05%	4.85%	3.19%	3.35%	2.69%	5.86%	3.67%	3.41%	8.36%	2.15%	2.38%	1.95%	4.52%	3.72%	4.52%	4.70%	4.43%	2.35%	2.44%	3.83%									
22	Прохоров Михаил Дмитриевич	10693	230	168	237	125	140	207	299	230	91	191	113	174	185	239	277	273	193	150	155	227	161	116	134	175	118	247	225	179	209	44	72	171	148	41	179	163	108	49	51	84	12	186	150	28	150	207	159	149	163	171	159	180	48	59	78	134	70	97	30	29	43	174	189	125	91	236	76	49	19	11	63	91	85	175	171	119	90	16	33									
		13.02%	15.63%	11.70%	15.25%	17.51%	12.04%	14.09%	18.92%	16.07%	7.03%	13.25%	11.37%	14.43%	14.61%	16.26%	20.28%	15.64%	14.18%	13.94%	9.55%	19.86%	11.27%	12.83%	11.50%	14.60%	12.24%	16.69%	16.25%	12.79%	16.87%	13.41%	13.02%	8.99%	12.41%	10.54%	17.34%	13.92%	11.42%	13.07%	11.38%	13.75%	4.10%	12.48%	9.00%	8.54%	14.87%	14.13%	12.22%	9.70%	13.98%	12.57%	15.14%	11.05%	11.06%	9.04%	7.65%	13.04%	8.85%	12.93%	9.32%	13.49%	10.44%	9.92%	11.30%	10.83%	15.24%	20.65%	8.10%	13.21%	10.22%	8.73%	17.55%	17.88%	15.07%	14.37%	9.81%	8.79%	8.81%	5.57%	10.54%									
23	Путин Владимир Владимирович	45110	771	740	747	391	650	758	735	735	783	801	549	634	657	734	610	864	727	564	1009	538	866	516	708	671	573	704	657	692	601	162	319	1174	626	221	517	636	629	203	263	304	183	883	1005	186	561	694	687	925	602	739	490	895	244	373	717	611	447	416	222	121	244	1077	910	686	334	612	558	184	99	83	202	286	282	620	1012	822	690	170	199									
		54.92%	52.38%	51.53%	48.07%	54.76%	55.89%	51.60%	46.52%	51.36%	60.46%	55.59%	55.23%	52.57%	51.90%	49.93%	44.66%	49.51%	53.42%	52.42%	62.17%	47.07%	60.64%	57.08%	60.77%	55.96%	59.44%	47.57%	47.44%	49.46%	48.51%	49.39%	57.69%	61.72%	52.47%	56.81%	50.10%	54.31%	66.49%	54.13%	58.71%	49.75%	62.46%	59.26%	60.32%	56.71%	55.60%	47.37%	52.81%	60.22%	51.63%	54.34%	46.67%	54.94%	56.22%	57.12%	70.36%	59.44%	56.51%	55.47%	68.94%	56.28%	59.22%	61.40%	54.39%	59.45%	55.95%	53.54%	59.49%	49.60%	53.23%	65.87%	56.27%	56.19%	50.00%	50.90%	58.03%	60.71%	67.51%	59.23%	63.58%									
																																																																																										
																																																																																										
																																																																																										
																																																																																										
																																																																																										
																																																																																										
																																																																																										
																																																																																										
																																																																																										
																																																																																										
																																																																																										
																																																																																										
																																																																																										
																																																																																										
																																																																																										
																																																																																										
																																																																																										
																																																																																										
																																																																																										
																																																																																										
																																																																																										
																																																																																										
																																																																																										
																																																																																										
																																																																																										
																																																																																										
																																																																																										
