Выборы Президента Российской Федерации																																																																								
Дата голосования: 04.03.2012																																																																								
																																																																								
Наименование Избирательной комиссии:    Зерноградская 																																																																								
																																																																								
Сводная таблица итогов голосования																																																																								
																																																																								
	Число участковых избирательных комиссий	61																																																																						
	Число участковых избирательных комиссий, приступивших к передаче сведений	61																																																																						
																																																																								
		Сумма	УИК №178	УИК №187	УИК №188	УИК №189	УИК №190	УИК №191	УИК №192	УИК №193	УИК №194	УИК №195	УИК №196	УИК №197	УИК №198	УИК №199	УИК №200	УИК №201	УИК №203	УИК №204	УИК №205	УИК №206	УИК №207	УИК №208	УИК №209	УИК №210	УИК №211	УИК №212	УИК №213	УИК №214	УИК №215	УИК №216	УИК №217	УИК №218	УИК №219	УИК №220	УИК №221	УИК №222	УИК №223	УИК №224	УИК №225	УИК №226	УИК №227	УИК №228	УИК №229	УИК №230	УИК №231	УИК №232	УИК №233	УИК №234	УИК №235	УИК №236	УИК №237	УИК №238	УИК №239	УИК №240	УИК №241	УИК №242	УИК №243	УИК №244	УИК №245	УИК №2569	УИК №2572									
1	Число избирателей, включенных в список избирателей	51324	215	1599	1344	1954	1101	354	565	161	196	358	420	204	2061	147	262	332	833	1923	167	606	846	387	1434	348	130	883	342	242	204	247	164	197	163	1497	1216	234	356	532	501	776	248	316	444	2166	1045	2853	1023	1375	1400	1356	1940	1129	1833	321	1051	235	1609	3217	1384	148	730									
2	Число избирательных бюллетеней, полученных участковой избирательной комиссией	47470	220	1500	1200	1800	1000	300	500	150	170	340	400	200	1800	140	240	300	750	1800	150	550	800	350	1350	300	120	840	320	230	180	200	200	200	150	1500	1200	220	330	450	450	650	240	280	420	2100	900	2600	900	1250	1250	1250	1850	1050	1800	280	950	220	1500	3000	1350	130	600									
3	Число избирательных бюллетеней, выданных избирателям, проголосовавшим досрочно	0	0	0	0	0	0	0	0	0	0	0	0	0	0	0	0	0	0	0	0	0	0	0	0	0	0	0	0	0	0	0	0	0	0	0	0	0	0	0	0	0	0	0	0	0	0	0	0	0	0	0	0	0	0	0	0	0	0	0	0	0	0									
4	Число избирательных бюллетеней, выданных в помещении для голосования в день голосования	29453	145	825	690	994	529	158	255	96	114	160	214	83	1141	87	127	165	377	1022	99	352	428	214	778	191	100	533	202	161	122	119	142	119	115	903	755	165	246	258	278	524	165	179	281	1343	543	1481	580	775	809	733	1325	636	1072	204	659	105	1059	2214	881	80	343									
5	Число избирательных бюллетеней, выданных вне помещения для голосования в день голосования	3198	20	76	66	89	34	65	72	17	50	49	63	53	142	7	63	80	73	145	5	72	104	42	58	17	0	70	28	23	10	29	22	15	17	146	162	28	61	25	21	26	9	24	22	74	60	122	50	46	79	36	49	65	54	15	23	63	13	16	3	12	218									
6	Число погашенных избирательных бюллетеней	14819	55	599	444	717	437	77	173	37	6	131	123	64	517	46	50	55	300	633	46	126	268	94	514	92	20	237	90	46	48	52	36	66	18	451	283	27	23	167	151	100	66	77	117	683	297	997	270	429	362	481	476	349	674	61	268	52	428	770	466	38	39									
7	Число избирательных бюллетеней в переносных ящиках для голосования	3198	20	76	66	89	34	65	72	17	50	49	63	53	142	7	63	80	73	145	5	72	104	42	58	17	0	70	28	23	10	29	22	15	17	146	162	28	61	25	21	26	9	24	22	74	60	122	50	46	79	36	49	65	54	15	23	63	13	16	3	12	218									
8	Число бюллетеней в стационарных ящиках для голосования	29440	145	823	688	994	529	158	255	96	114	160	214	83	1139	87	127	165	377	1022	99	352	428	214	778	191	100	533	201	161	122	119	142	119	115	903	755	165	246	258	278	524	165	179	281	1343	543	1479	580	774	809	733	1325	636	1072	204	659	105	1059	2211	881	80	343									
9	Число недействительных избирательных бюллетеней	266	0	6	4	8	2	1	1	0	0	3	0	0	5	0	2	2	5	8	2	3	1	1	9	3	1	5	2	1	0	0	2	0	1	7	10	0	0	2	5	4	1	2	3	19	2	8	5	7	8	8	16	5	13	3	5	2	15	29	7	0	2									
10	Число действительных избирательных бюллетеней	32372	165	893	750	1075	561	222	326	113	164	206	277	136	1276	94	188	243	445	1159	102	421	531	255	827	205	99	598	227	183	132	148	162	134	131	1042	907	193	307	281	294	546	173	201	300	1398	601	1593	625	813	880	761	1358	696	1113	216	677	166	1057	2198	877	92	559									
11	Число полученных открепительных  удостоверений	1469	39	20	15	23	15	10	9	7	10	10	30	20	50	5	7	10	20	45	5	50	35	5	20	5	9	20	10	30	30	20	20	25	20	65	73	15	20	5	10	27	12	10	10	40	23	40	20	15	25	25	100	25	38	15	35	5	50	55	37	10	15									
12	Число открепительных удостоверений, выданных избирателям на избирательном участке	1298	34	17	14	20	12	10	7	7	10	10	30	18	49	5	7	10	6	36	5	47	35	5	18	5	7	15	10	23	27	20	20	22	14	65	73	15	20	5	10	19	12	10	9	34	19	38	18	13	23	20	54	22	37	9	33	0	50	55	37	10	13									
13	Число избирателей, проголосовавших по открепительным удостоверениям	645	7	5	3	18	5	5	3	2	5	2	7	1	19	2	1	3	2	14	1	7	4	4	6	4	1	8	2	3	1	3	2	5	1	12	14	6	5	6	5	27	3	4	5	16	26	32	10	17	5	13	122	14	23	7	17	1	11	32	36	5	15									
14	Число неиспользованных открепительных удостоверений	171	5	3	1	3	3	0	2	0	0	0	0	2	1	0	0	0	14	9	0	3	0	0	2	0	2	5	0	7	3	0	0	3	6	0	0	0	0	0	0	8	0	0	1	6	4	2	2	2	2	5	46	3	1	6	2	5	0	0	0	0	2									
15	Число открепительных удостоверений, выданных избирателям ТИК	14	0	0	0	0	0	0	0	0	0	0	0	0	1	0	0	1	0	0	0	0	0	0	0	0	0	1	0	0	0	0	0	0	0	0	0	0	0	0	1	0	0	2	0	0	1	0	0	1	0	0	0	3	2	0	0	0	0	0	1	0	0									
16	Число утраченных открепительных удостоверений	0	0	0	0	0	0	0	0	0	0	0	0	0	0	0	0	0	0	0	0	0	0	0	0	0	0	0	0	0	0	0	0	0	0	0	0	0	0	0	0	0	0	0	0	0	0	0	0	0	0	0	0	0	0	0	0	0	0	0	0	0	0									
17	Число утраченных избирательных бюллетеней	0	0	0	0	0	0	0	0	0	0	0	0	0	0	0	0	0	0	0	0	0	0	0	0	0	0	0	0	0	0	0	0	0	0	0	0	0	0	0	0	0	0	0	0	0	0	0	0	0	0	0	0	0	0	0	0	0	0	0	0	0	0									
18	Число избирательных бюллетеней, не учтенных при получении	0	0	0	0	0	0	0	0	0	0	0	0	0	0	0	0	0	0	0	0	0	0	0	0	0	0	0	0	0	0	0	0	0	0	0	0	0	0	0	0	0	0	0	0	0	0	0	0	0	0	0	0	0	0	0	0	0	0	0	0	0	0									
																																																																								
19	Жириновский Владимир Вольфович	2690	15	92	51	89	49	15	15	19	10	17	17	20	87	8	14	19	33	86	9	40	16	36	73	16	9	70	15	19	12	19	5	12	16	79	56	14	14	23	24	39	8	21	18	72	49	132	49	64	65	69	153	38	72	12	43	6	91	363	51	9	33									
		8.24%	9.09%	10.23%	6.76%	8.22%	8.70%	6.73%	4.59%	16.81%	6.10%	8.13%	6.14%	14.71%	6.79%	8.51%	7.37%	7.76%	7.33%	7.37%	8.65%	9.43%	3.01%	14.06%	8.73%	7.69%	9.00%	11.61%	6.55%	10.33%	9.09%	12.84%	3.05%	8.96%	12.12%	7.53%	6.11%	7.25%	4.56%	8.13%	8.03%	7.09%	4.60%	10.34%	5.94%	5.08%	8.13%	8.24%	7.78%	7.80%	7.32%	8.97%	11.14%	5.42%	6.39%	5.48%	6.30%	3.57%	8.49%	16.30%	5.77%	9.78%	5.88%									
20	Зюганов Геннадий Андреевич	9434	25	257	233	308	168	38	71	20	17	70	37	32	270	14	24	37	92	299	11	91	103	101	308	74	25	133	49	32	13	37	33	25	17	392	111	26	46	73	90	197	18	68	93	511	185	589	230	298	351	271	396	282	429	94	248	30	366	487	299	26	164									
		28.90%	15.15%	28.59%	30.90%	28.44%	29.84%	17.04%	21.71%	17.70%	10.37%	33.49%	13.36%	23.53%	21.08%	14.89%	12.63%	15.10%	20.44%	25.62%	10.58%	21.46%	19.36%	39.45%	36.84%	35.58%	25.00%	22.06%	21.40%	17.39%	9.85%	25.00%	20.12%	18.66%	12.88%	37.37%	12.10%	13.47%	14.98%	25.80%	30.10%	35.82%	10.34%	33.50%	30.69%	36.06%	30.68%	36.79%	36.51%	36.34%	39.53%	35.24%	28.82%	40.23%	38.10%	42.92%	36.36%	17.86%	34.14%	21.87%	33.82%	28.26%	29.23%									
21	Миронов Сергей Михайлович	1125	7	38	30	29	15	1	8	3	3	0	16	6	43	1	0	1	20	40	1	11	17	5	53	6	4	18	9	2	2	5	3	1	3	18	22	1	1	10	8	10	6	8	8	70	18	69	22	37	38	50	45	31	48	6	34	6	40	65	34	1	18									
		3.45%	4.24%	4.23%	3.98%	2.68%	2.66%	0.45%	2.45%	2.65%	1.83%	0.00%	5.78%	4.41%	3.36%	1.06%	0.00%	0.41%	4.44%	3.43%	0.96%	2.59%	3.20%	1.95%	6.34%	2.88%	4.00%	2.99%	3.93%	1.09%	1.52%	3.38%	1.83%	0.75%	2.27%	1.72%	2.40%	0.52%	0.33%	3.53%	2.68%	1.82%	3.45%	3.94%	2.64%	4.94%	2.99%	4.31%	3.49%	4.51%	4.28%	6.50%	3.28%	4.42%	4.26%	2.74%	4.99%	3.57%	3.73%	2.92%	3.85%	1.09%	3.21%									
22	Прохоров Михаил Дмитриевич	1993	7	56	51	52	23	14	18	4	5	3	14	4	73	2	4	7	23	51	2	23	20	7	59	8	1	31	5	4	6	5	1	3	3	42	30	6	4	5	7	23	2	6	23	126	28	102	43	49	48	56	156	49	95	5	71	8	116	168	96	0	40									
		6.11%	4.24%	6.23%	6.76%	4.80%	4.09%	6.28%	5.50%	3.54%	3.05%	1.44%	5.05%	2.94%	5.70%	2.13%	2.11%	2.86%	5.11%	4.37%	1.92%	5.42%	3.76%	2.73%	7.06%	3.85%	1.00%	5.14%	2.18%	2.17%	4.55%	3.38%	0.61%	2.24%	2.27%	4.00%	3.27%	3.11%	1.30%	1.77%	2.34%	4.18%	1.15%	2.96%	7.59%	8.89%	4.64%	6.37%	6.83%	5.98%	5.41%	7.28%	11.35%	6.99%	8.44%	2.28%	10.41%	4.76%	10.82%	7.54%	10.86%	0.00%	7.13%									
23	Путин Владимир Владимирович	17130	111	450	385	597	306	154	214	67	129	116	193	74	803	69	146	179	277	683	79	256	375	106	334	101	60	346	149	126	99	82	120	93	92	511	688	146	242	170	165	277	139	98	158	619	321	701	281	365	378	315	608	296	469	99	281	116	444	1115	397	56	304									
		52.48%	67.27%	50.06%	51.06%	55.12%	54.35%	69.06%	65.44%	59.29%	78.66%	55.50%	69.68%	54.41%	62.69%	73.40%	76.84%	73.06%	61.56%	58.53%	75.96%	60.38%	70.49%	41.41%	39.95%	48.56%	60.00%	57.38%	65.07%	68.48%	75.00%	55.41%	73.17%	69.40%	69.70%	48.71%	75.03%	75.65%	78.83%	60.07%	55.18%	50.36%	79.89%	48.28%	52.15%	43.68%	53.23%	43.79%	44.60%	44.51%	42.57%	40.96%	44.25%	42.23%	41.65%	45.21%	41.20%	69.05%	41.42%	50.07%	44.91%	60.87%	54.19%									
																																																																								
																																																																								
																																																																								
																																																																								
																																																																								
																																																																								
																																																																								
																																																																								
																																																																								
																																																																								
																																																																								
																																																																								
																																																																								
																																																																								
																																																																								
																																																																								
																																																																								
																																																																								
																																																																								
																																																																								
																																																																								
																																																																								
																																																																								
																																																																								
																																																																								
																																																																								
																																																																								
