Выборы Президента Российской Федерации																																																																		
Дата голосования: 02.03.2008																																																																		
																																																																		
Наименование Избирательной комиссии:    Cемилукская																																																																		
																																																																		
Сводная таблица результатов выборов																																																																		
																																																																		
	Число участковых избирательных комиссий	55																																																																
	Число участковых избирательных комиссий, приступивших к передаче сведений	55																																																																
																																																																		
		Сумма	УИК №3501	УИК №3502	УИК №3503	УИК №3504	УИК №3505	УИК №3506	УИК №3507	УИК №3508	УИК №3509	УИК №3510	УИК №3511	УИК №3512	УИК №3513	УИК №3514	УИК №3515	УИК №3516	УИК №3517	УИК №3518	УИК №3519	УИК №3520	УИК №3521	УИК №3522	УИК №3523	УИК №3524	УИК №3525	УИК №3526	УИК №3527	УИК №3528	УИК №3529	УИК №3530	УИК №3531	УИК №3532	УИК №3533	УИК №3534	УИК №3535	УИК №3536	УИК №3537	УИК №3538	УИК №3539	УИК №3540	УИК №3541	УИК №3542	УИК №3543	УИК №3544	УИК №3545	УИК №3546	УИК №3547	УИК №3548	УИК №3549	УИК №3550	УИК №3551	УИК №3552	УИК №3553	УИК №3554	УИК №3555									
1	Число избирателей, включенных в списки избирателей	50712	2387	1392	496	1370	2338	2066	1979	2467	2560	144	1272	381	339	728	418	230	1089	2098	648	1287	1322	439	109	383	1015	245	731	436	459	313	207	144	412	299	669	659	852	332	454	1775	1440	204	400	164	495	380	385	280	236	1990	2139	2241	347	1532	1535									
2	Число избирательных бюллетеней, полученных участковыми избирательными комиссиями	50210	2300	1350	450	1300	2350	2080	2040	2550	2550	250	1150	360	380	660	440	220	1110	2020	800	1250	1250	440	100	380	980	240	750	440	480	330	210	140	450	330	680	670	880	400	450	1800	1350	220	400	180	520	410	380	280	240	1920	2020	2050	380	1400	1450									
3	Число избирательных бюллетеней, выданных избирателям, проголосовавшим досрочно	0	0	0	0	0	0	0	0	0	0	0	0	0	0	0	0	0	0	0	0	0	0	0	0	0	0	0	0	0	0	0	0	0	0	0	0	0	0	0	0	0	0	0	0	0	0	0	0	0	0	0	0	0	0	0	0									
4	Число избирательных бюллетеней, выданных в помещениях для голосования в день голосования	25993	1171	712	227	684	1328	1370	1119	1466	1645	144	861	163	159	386	188	69	411	798	317	951	827	214	51	192	325	131	495	264	271	179	124	66	193	138	420	534	381	142	232	1008	516	68	209	53	213	148	117	155	127	818	906	679	165	713	750									
5	Число избирательных бюллетеней, выданных вне помещений для голосования в день голосования	7931	180	96	120	124	126	89	86	130	65	0	42	186	118	153	134	126	196	383	240	163	254	152	31	125	338	72	112	110	159	94	49	57	173	94	233	102	204	105	106	337	621	117	120	81	186	147	132	74	63	70	109	164	52	158	173									
6	Число погашенных избирательных бюллетеней	16286	949	542	103	492	896	621	835	954	840	106	247	11	103	121	118	25	503	839	243	136	169	74	18	63	317	37	143	66	50	57	37	17	84	98	27	34	295	153	112	455	213	35	71	46	121	115	131	51	50	1032	1005	1207	163	529	527									
7	Число избирательных бюллетеней в переносных ящиках для голосования	7930	180	96	120	124	126	89	86	129	65	0	42	186	118	153	134	126	196	383	240	163	254	152	31	125	338	72	112	110	159	94	49	57	173	94	233	102	204	105	106	337	621	117	120	81	186	147	132	74	63	70	109	164	52	158	173									
8	Число бюллетеней в стационарных ящиках для голосования	25991	1171	712	227	683	1328	1370	1119	1466	1645	144	861	163	159	386	188	69	411	798	317	951	827	214	51	192	325	131	495	264	271	179	123	66	193	138	420	534	381	142	232	1008	516	68	209	53	213	148	117	155	127	818	906	679	165	713	750									
9	Число недействительных избирательных бюллетеней	308	14	13	5	4	16	7	8	23	14	1	4	0	1	7	1	0	4	9	4	0	6	0	1	2	4	0	0	0	1	3	6	1	1	2	2	3	5	0	4	3	16	0	0	0	2	0	63	2	4	7	13	0	3	12	7									
10	Число действительных избирательных бюллетеней	33613	1337	795	342	803	1438	1452	1197	1572	1696	143	899	349	276	532	321	195	603	1172	553	1114	1075	366	81	315	659	203	607	374	429	270	166	122	365	230	651	633	580	247	334	1342	1121	185	329	134	397	295	186	227	186	881	1002	843	214	859	916									
11	Число полученных открепительных  удостоверений	644	43	10	5	31	21	31	34	42	45	0	12	1	15	9	17	9	7	12	10	11	4	5	0	8	11	2	13	2	7	8	7	5	4	11	15	15	10	2	5	24	10	5	6	9	7	11	5	1	1	14	12	10	5	14	11									
12	Число открепительных удостоверений, выданных избирателям на избирательных участках	573	35	8	5	30	21	30	33	37	43	0	11	1	8	8	17	7	4	12	10	11	3	4	0	1	10	1	13	2	7	8	3	0	4	11	15	15	7	2	5	24	7	2	6	4	7	10	5	1	0	14	12	10	4	14	11									
13	Число избирателей, проголосовавших по открепительным удостоверениям	422	7	6	6	10	6	17	3	14	5	144	47	4	3	8	2	7	2	17	5	5	2	1	3	2	6	3	3	1	2	6	0	3	6	2	1	4	1	4	2	4	6	0	2	2	7	2	0	1	1	1	5	4	3	6	8									
14	Число неиспользованных открепительных удостоверений	71	8	2	0	1	0	1	1	5	2	0	1	0	7	1	0	2	3	0	0	0	1	1	0	7	1	1	0	0	0	0	4	5	0	0	0	0	3	0	0	0	3	3	0	5	0	1	0	0	1	0	0	0	1	0	0									
15	Число открепительных удостоверений, выданных избирателям ТИК	5	1	0	1	0	0	0	0	0	0	0	1	0	0	0	0	0	0	1	0	0	0	0	0	0	0	0	0	0	0	0	0	0	0	0	0	0	0	0	0	0	0	0	0	0	0	0	0	0	0	0	0	0	0	1	0									
16	Число утраченных избирательных бюллетеней	0	0	0	0	0	0	0	0	0	0	0	0	0	0	0	0	0	0	0	0	0	0	0	0	0	0	0	0	0	0	0	0	0	0	0	0	0	0	0	0	0	0	0	0	0	0	0	0	0	0	0	0	0	0	0	0									
17	Число избирательных бюллетеней, не учтенных при получении	0	0	0	0	0	0	0	0	0	0	0	0	0	0	0	0	0	0	0	0	0	0	0	0	0	0	0	0	0	0	0	0	0	0	0	0	0	0	0	0	0	0	0	0	0	0	0	0	0	0	0	0	0	0	0	0									
17а	Число утраченных открепительных удостоверений	0	0	0	0	0	0	0	0	0	0	0	0	0	0	0	0	0	0	0	0	0	0	0	0	0	0	0	0	0	0	0	0	0	0	0	0	0	0	0	0	0	0	0	0	0	0	0	0	0	0	0	0	0	0	0	0									
17б	Число открепительных удостоверений, не учтенных при получении	0	0	0	0	0	0	0	0	0	0	0	0	0	0	0	0	0	0	0	0	0	0	0	0	0	0	0	0	0	0	0	0	0	0	0	0	0	0	0	0	0	0	0	0	0	0	0	0	0	0	0	0	0	0	0	0									
																																																																		
18	Богданов Андрей Владимирович	260	14	10	4	15	10	4	11	16	22	2	6	2	1	4	0	1	2	7	6	3	3	1	1	2	1	2	1	4	3	1	0	0	0	3	6	3	3	3	0	4	8	0	0	2	4	4	3	0	1	8	17	8	3	12	9									
		0.77%	1.04%	1.24%	1.15%	1.86%	0.69%	0.27%	0.91%	1.00%	1.29%	1.39%	0.66%	0.57%	0.36%	0.74%	0.00%	0.51%	0.33%	0.59%	1.08%	0.27%	0.28%	0.27%	1.22%	0.63%	0.15%	0.99%	0.16%	1.07%	0.70%	0.37%	0.00%	0.00%	0.00%	1.29%	0.92%	0.47%	0.51%	1.21%	0.00%	0.30%	0.70%	0.00%	0.00%	1.49%	1.00%	1.36%	1.20%	0.00%	0.53%	0.90%	1.67%	0.95%	1.38%	1.38%	0.98%									
19	Жириновский Владимир Вольфович	3280	167	92	50	87	162	154	110	202	222	15	95	18	54	68	45	37	51	115	53	58	73	48	1	50	49	13	9	9	36	13	29	6	47	24	24	22	56	27	41	107	77	3	14	17	27	21	16	13	10	121	99	102	24	106	91									
		9.67%	12.36%	11.39%	14.41%	10.78%	11.14%	10.56%	9.13%	12.66%	12.98%	10.42%	10.52%	5.16%	19.49%	12.62%	13.98%	18.97%	8.40%	9.74%	9.52%	5.21%	6.75%	13.11%	1.22%	15.77%	7.39%	6.40%	1.48%	2.41%	8.37%	4.76%	16.86%	4.88%	12.84%	10.34%	3.68%	3.46%	9.57%	10.93%	12.13%	7.96%	6.77%	1.62%	4.26%	12.69%	6.77%	7.12%	6.43%	5.68%	5.26%	13.63%	9.75%	12.10%	11.06%	12.17%	9.86%									
20	Зюганов Геннадий Андреевич	7601	402	257	77	269	425	416	405	437	435	31	201	39	40	71	41	30	119	246	120	140	133	52	22	40	117	24	71	24	95	52	34	7	55	17	28	39	117	34	38	399	202	15	43	32	172	94	49	41	49	253	302	196	46	237	271									
		22.41%	29.76%	31.81%	22.19%	33.33%	29.23%	28.51%	33.61%	27.40%	25.44%	21.53%	22.26%	11.17%	14.44%	13.17%	12.73%	15.38%	19.60%	20.83%	21.54%	12.57%	12.30%	14.21%	26.83%	12.62%	17.65%	11.82%	11.70%	6.42%	22.09%	19.05%	19.77%	5.69%	15.03%	7.33%	4.29%	6.13%	20.00%	13.77%	11.24%	29.67%	17.77%	8.11%	13.07%	23.88%	43.11%	31.86%	19.68%	17.90%	25.79%	28.49%	29.75%	23.25%	21.20%	27.21%	29.36%									
21	Медведев Дмитрий Анатольевич	22472	754	436	211	432	841	878	671	917	1017	95	597	290	181	389	235	127	431	804	374	913	866	265	57	223	492	164	526	337	295	204	103	109	263	186	593	569	404	183	255	832	834	167	272	83	194	176	118	173	126	499	584	537	141	504	545									
		66.25%	55.81%	53.96%	60.81%	53.53%	57.84%	60.18%	55.68%	57.49%	59.47%	65.97%	66.11%	83.09%	65.34%	72.17%	72.98%	65.13%	71.00%	68.08%	67.15%	81.96%	80.11%	72.40%	69.51%	70.35%	74.21%	80.79%	86.66%	90.11%	68.60%	74.73%	59.88%	88.62%	71.86%	80.17%	90.81%	89.47%	69.06%	74.09%	75.44%	61.86%	73.35%	90.27%	82.67%	61.94%	48.62%	59.66%	47.39%	75.55%	66.32%	56.19%	57.54%	63.70%	64.98%	57.86%	59.05%									
																																																																		
																																																																		
																																																																		
																																																																		
																																																																		
																																																																		
																																																																		
																																																																		
																																																																		
																																																																		
																																																																		
																																																																		
																																																																		
																																																																		
																																																																		
																																																																		
																																																																		
																																																																		
																																																																		
																																																																		
																																																																		
																																																																		
																																																																		
																																																																		
																																																																		
																																																																		
																																																																		
