Выборы Президента Российской Федерации																																																																																																				
Дата голосования: 04.03.2012																																																																																																				
																																																																																																				
Наименование Избирательной комиссии:    Белорецкая																																																																																																				
																																																																																																				
Сводная таблица итогов голосования																																																																																																				
																																																																																																				
	Число участковых избирательных комиссий	89																																																																																																		
	Число участковых избирательных комиссий, приступивших к передаче сведений	89																																																																																																		
																																																																																																				
		Сумма	УИК №1275	УИК №1276	УИК №1277	УИК №1278	УИК №1279	УИК №1280	УИК №1281	УИК №1282	УИК №1283	УИК №1284	УИК №1285	УИК №1286	УИК №1287	УИК №1288	УИК №1289	УИК №1290	УИК №1291	УИК №1292	УИК №1293	УИК №1294	УИК №1295	УИК №1296	УИК №1297	УИК №1298	УИК №1299	УИК №1300	УИК №1301	УИК №1302	УИК №1303	УИК №1304	УИК №1305	УИК №1306	УИК №1307	УИК №1308	УИК №1309	УИК №1310	УИК №1311	УИК №1312	УИК №1313	УИК №1314	УИК №1315	УИК №1316	УИК №1317	УИК №1318	УИК №1319	УИК №1320	УИК №1321	УИК №1322	УИК №1323	УИК №1324	УИК №1325	УИК №1326	УИК №1327	УИК №1328	УИК №1329	УИК №1330	УИК №1331	УИК №1332	УИК №1333	УИК №1334	УИК №1335	УИК №1336	УИК №1337	УИК №1338	УИК №1339	УИК №1340	УИК №1341	УИК №1342	УИК №1343	УИК №1344	УИК №1345	УИК №1346	УИК №1347	УИК №1348	УИК №1349	УИК №1350	УИК №1351	УИК №1352	УИК №1353	УИК №1354	УИК №1355	УИК №1356	УИК №1357	УИК №1358	УИК №1359	УИК №1360	УИК №1361	УИК №1362	УИК №1363									
1	Число избирателей, включенных в список избирателей	76835	2488	2373	1767	1317	1580	2513	928	2127	2278	2299	1605	2478	1697	1166	1996	1257	1535	1025	948	1148	610	1410	356	2336	2777	462	1923	888	2081	1094	1297	1026	182	415	269	355	243	544	519	136	146	146	112	795	897	193	1577	381	405	603	338	525	479	467	324	461	620	167	423	232	156	419	367	830	1869	185	85	87	274	255	201	1087	625	249	789	731	691	643	725	578	610	371	525	350	390	476	243	185	100									
2	Число избирательных бюллетеней, полученных участковой избирательной комиссией	80440	2500	2400	1860	1370	1560	2600	960	2160	2310	2400	1760	2510	1700	1200	2110	1300	1600	1060	1000	1260	650	1460	360	2460	2930	500	1860	960	1960	1110	1360	1200	200	360	270	370	260	600	600	170	150	150	150	800	910	220	1660	410	410	620	350	600	550	500	400	520	700	200	500	250	200	410	400	830	1860	190	100	100	280	300	200	1400	660	250	800	760	660	700	760	660	660	400	560	370	460	560	280	200	120									
3	Число избирательных бюллетеней, выданных избирателям, проголосовавшим досрочно	0	0	0	0	0	0	0	0	0	0	0	0	0	0	0	0	0	0	0	0	0	0	0	0	0	0	0	0	0	0	0	0	0	0	0	0	0	0	0	0	0	0	0	0	0	0	0	0	0	0	0	0	0	0	0	0	0	0	0	0	0	0	0	0	0	0	0	0	0	0	0	0	0	0	0	0	0	0	0	0	0	0	0	0	0	0	0	0	0	0									
4	Число избирательных бюллетеней, выданных в помещении для голосования в день голосования	47692	1622	1634	970	743	1172	1604	460	1143	1178	1633	1197	1311	891	697	1098	756	907	451	546	535	413	743	205	1466	1983	225	1047	410	788	649	810	675	156	272	199	280	200	411	455	132	137	144	93	475	651	159	905	227	317	577	322	384	348	348	230	242	431	112	298	191	103	194	304	498	845	154	71	61	201	186	153	812	416	211	394	354	363	313	520	446	476	230	308	304	328	337	204	162	86									
5	Число избирательных бюллетеней, выданных вне помещения для голосования в день голосования	9888	208	167	170	296	45	278	67	186	275	184	180	202	128	110	235	115	368	176	150	375	158	236	53	157	235	53	334	136	82	188	351	36	16	72	20	14	16	76	30	4	9	2	2	250	135	15	133	67	80	17	15	100	97	35	72	160	92	30	88	28	53	179	24	203	111	10	10	15	49	64	19	275	61	11	131	140	129	139	50	132	133	59	132	25	18	68	25	6	8									
6	Число погашенных избирательных бюллетеней	22860	670	599	720	331	343	718	433	831	857	583	383	997	681	393	777	429	325	433	304	350	79	481	102	837	712	222	479	414	1090	273	199	489	28	16	51	76	44	113	115	34	4	4	55	75	124	46	622	116	13	26	13	116	105	117	98	118	177	58	114	31	44	37	72	129	904	26	19	24	30	50	28	313	183	28	275	266	168	248	190	82	51	111	120	41	114	155	51	32	26									
7	Число избирательных бюллетеней в переносных ящиках для голосования	9888	208	167	170	296	45	278	67	186	275	184	180	202	128	110	235	115	368	176	150	375	158	236	53	157	235	53	334	136	82	188	351	36	16	72	20	14	16	76	30	4	9	2	2	250	135	15	133	67	80	17	15	100	97	35	72	160	92	30	88	28	53	179	24	203	111	10	10	15	49	64	19	275	61	11	131	140	129	139	50	132	133	59	132	25	18	68	25	6	8									
8	Число бюллетеней в стационарных ящиках для голосования	47689	1622	1634	970	743	1172	1604	460	1143	1178	1633	1197	1311	891	696	1098	756	907	451	546	535	413	743	205	1466	1983	225	1047	410	788	649	810	675	156	272	199	280	200	411	455	132	137	144	93	475	651	159	905	225	317	577	322	384	348	348	230	242	431	112	298	191	103	194	304	498	845	154	71	61	201	186	153	812	416	211	394	354	363	313	520	446	476	230	308	304	328	337	204	162	86									
9	Число недействительных избирательных бюллетеней	514	17	12	6	13	5	37	3	15	22	23	0	30	2	4	15	1	12	1	8	16	10	8	0	15	11	2	12	7	11	3	3	0	1	1	0	1	0	6	4	21	1	3	0	5	4	2	12	4	0	0	0	8	3	3	4	0	14	1	3	1	0	0	0	4	14	3	0	3	1	1	3	15	4	1	2	4	0	1	3	2	4	0	8	4	2	1	8	0	0									
10	Число действительных избирательных бюллетеней	57063	1813	1789	1134	1026	1212	1845	524	1314	1431	1794	1377	1483	1017	802	1318	870	1263	626	688	894	561	971	258	1608	2207	276	1369	539	859	834	1158	711	171	343	219	293	216	481	481	115	145	143	95	720	782	172	1026	288	397	594	337	476	442	380	298	402	509	141	383	218	156	373	328	697	942	161	81	73	249	249	169	1072	473	221	523	490	492	451	567	576	605	289	432	325	344	404	221	168	94									
11	Число полученных открепительных  удостоверений	895	25	25	27	13	15	26	5	27	23	26	18	25	26	13	13	6	12	7	10	12	7	8	4	15	12	5	8	6	12	13	13	6	6	5	7	2	1	0	8	3	1	2	2	1	2	12	25	1	2	4	2	5	29	14	6	9	10	20	11	7	22	35	11	4	7	5	2	1	1	8	7	11	10	4	11	7	2	3	8	9	7	10	8	10	11	3	9	8	1									
12	Число открепительных удостоверений, выданных избирателям на избирательном участке	886	25	25	27	13	15	26	5	27	23	26	18	25	26	13	13	3	12	7	10	12	7	8	4	15	12	5	8	6	12	13	13	6	6	5	7	2	0	0	8	3	1	0	2	1	1	12	25	1	2	3	2	5	29	14	6	9	10	20	11	7	22	35	11	4	7	5	2	0	1	8	7	11	10	4	11	7	2	3	8	9	7	10	8	10	11	3	9	8	1									
13	Число избирателей, проголосовавших по открепительным удостоверениям	857	15	48	10	20	2	33	9	12	13	18	8	6	2	14	13	5	12	5	14	4	8	30	4	10	11	2	7	3	14	8	7	90	0	101	3	3	2	4	64	2	3	3	2	5	4	2	6	2	3	7	3	5	8	8	5	4	11	7	6	9	3	6	10	4	4	0	5	0	1	3	3	10	5	3	13	14	0	3	5	2	1	9	2	3	2	2	5	0	0									
14	Число неиспользованных открепительных удостоверений	9	0	0	0	0	0	0	0	0	0	0	0	0	0	0	0	3	0	0	0	0	0	0	0	0	0	0	0	0	0	0	0	0	0	0	0	0	1	0	0	0	0	2	0	0	1	0	0	0	0	1	0	0	0	0	0	0	0	0	0	0	0	0	0	0	0	0	0	1	0	0	0	0	0	0	0	0	0	0	0	0	0	0	0	0	0	0	0	0	0									
15	Число открепительных удостоверений, выданных избирателям ТИК	105	7	4	3	1	3	2	1	1	4	11	2	7	0	2	3	2	3	4	3	0	0	0	1	7	2	3	1	1	1	3	3	0	1	0	0	0	1	2	0	1	0	0	0	0	0	0	3	0	0	0	0	1	0	0	0	0	0	0	0	0	0	1	1	0	2	0	0	0	0	0	2	1	0	0	0	0	0	0	0	1	0	0	1	0	0	1	0	0	1									
16	Число утраченных открепительных удостоверений	0	0	0	0	0	0	0	0	0	0	0	0	0	0	0	0	0	0	0	0	0	0	0	0	0	0	0	0	0	0	0	0	0	0	0	0	0	0	0	0	0	0	0	0	0	0	0	0	0	0	0	0	0	0	0	0	0	0	0	0	0	0	0	0	0	0	0	0	0	0	0	0	0	0	0	0	0	0	0	0	0	0	0	0	0	0	0	0	0	0									
17	Число утраченных избирательных бюллетеней	0	0	0	0	0	0	0	0	0	0	0	0	0	0	0	0	0	0	0	0	0	0	0	0	0	0	0	0	0	0	0	0	0	0	0	0	0	0	0	0	0	0	0	0	0	0	0	0	0	0	0	0	0	0	0	0	0	0	0	0	0	0	0	0	0	0	0	0	0	0	0	0	0	0	0	0	0	0	0	0	0	0	0	0	0	0	0	0	0	0									
18	Число избирательных бюллетеней, не учтенных при получении	0	0	0	0	0	0	0	0	0	0	0	0	0	0	0	0	0	0	0	0	0	0	0	0	0	0	0	0	0	0	0	0	0	0	0	0	0	0	0	0	0	0	0	0	0	0	0	0	0	0	0	0	0	0	0	0	0	0	0	0	0	0	0	0	0	0	0	0	0	0	0	0	0	0	0	0	0	0	0	0	0	0	0	0	0	0	0	0	0	0									
																																																																																																				
19	Жириновский Владимир Вольфович	2288	69	67	44	50	47	60	28	73	58	62	15	73	47	34	60	40	54	27	30	47	23	55	11	77	60	10	123	25	49	29	37	6	1	10	6	10	9	21	9	0	0	0	4	15	23	1	58	15	12	2	9	20	19	22	18	23	24	6	6	2	3	13	12	29	61	3	10	2	3	2	0	24	12	6	27	33	26	25	22	49	23	20	16	3	3	15	5	4	2									
		3.97%	3.77%	3.72%	3.86%	4.81%	3.86%	3.19%	5.31%	5.49%	3.99%	3.41%	1.09%	4.82%	4.61%	4.22%	4.50%	4.59%	4.24%	4.31%	4.31%	5.16%	4.03%	5.62%	4.26%	4.74%	2.71%	3.60%	8.91%	4.58%	5.63%	3.46%	3.19%	0.84%	0.58%	2.91%	2.74%	3.40%	4.17%	4.31%	1.86%	0.00%	0.00%	0.00%	4.21%	2.07%	2.93%	0.57%	5.59%	5.14%	3.02%	0.34%	2.67%	4.13%	4.27%	5.74%	5.96%	5.72%	4.59%	4.23%	1.55%	0.91%	1.92%	3.49%	3.66%	4.14%	6.38%	1.83%	12.35%	2.63%	1.20%	0.80%	0.00%	2.21%	2.52%	2.70%	5.14%	6.68%	5.28%	5.53%	3.86%	8.48%	3.78%	6.92%	3.64%	0.91%	0.87%	3.70%	2.18%	2.38%	2.13%									
20	Зюганов Геннадий Андреевич	7902	246	248	211	146	170	176	80	216	212	267	112	211	166	143	212	108	128	85	106	102	95	128	31	200	175	36	221	74	159	119	235	67	40	13	30	90	9	38	125	10	14	26	22	63	70	12	208	53	24	13	30	125	74	81	39	97	116	34	44	44	17	46	41	47	128	31	7	2	23	3	32	193	49	44	65	68	76	53	94	142	25	36	54	15	49	60	57	10	6									
		13.72%	13.44%	13.77%	18.51%	14.05%	13.97%	9.35%	15.18%	16.25%	14.59%	14.69%	8.13%	13.95%	16.29%	17.74%	15.90%	12.40%	10.04%	13.56%	15.23%	11.21%	16.64%	13.07%	12.02%	12.32%	7.89%	12.95%	16.00%	13.55%	18.28%	14.22%	20.24%	9.42%	23.26%	3.78%	13.70%	30.61%	4.17%	7.80%	25.77%	7.35%	9.59%	17.81%	23.16%	8.69%	8.91%	6.90%	20.04%	18.15%	6.05%	2.19%	8.90%	25.83%	16.63%	21.15%	12.91%	24.13%	22.18%	23.94%	11.40%	20.09%	10.90%	12.33%	12.50%	6.70%	13.39%	18.90%	8.64%	2.63%	9.20%	1.20%	18.60%	17.76%	10.27%	19.82%	12.38%	13.77%	15.45%	11.73%	16.49%	24.57%	4.11%	12.46%	12.27%	4.56%	14.16%	14.81%	24.89%	5.95%	6.38%									
21	Миронов Сергей Михайлович	1602	61	74	40	40	34	31	20	50	34	60	29	46	40	32	63	21	23	11	21	32	18	32	7	51	48	8	38	14	20	13	28	9	5	14	1	3	4	11	25	1	2	0	0	23	27	2	46	3	4	2	6	13	19	11	24	13	24	2	5	8	1	9	6	23	31	2	0	0	6	1	2	19	19	4	6	13	16	12	16	11	16	7	7	2	12	8	4	3	0									
		2.78%	3.33%	4.11%	3.51%	3.85%	2.79%	1.65%	3.80%	3.76%	2.34%	3.30%	2.11%	3.04%	3.93%	3.97%	4.73%	2.41%	1.80%	1.75%	3.02%	3.52%	3.15%	3.27%	2.71%	3.14%	2.16%	2.88%	2.75%	2.56%	2.30%	1.55%	2.41%	1.27%	2.91%	4.07%	0.46%	1.02%	1.85%	2.26%	5.15%	0.74%	1.37%	0.00%	0.00%	3.17%	3.44%	1.15%	4.43%	1.03%	1.01%	0.34%	1.78%	2.69%	4.27%	2.87%	7.95%	3.23%	4.59%	1.41%	1.30%	3.65%	0.64%	2.41%	1.83%	3.28%	3.24%	1.22%	0.00%	0.00%	2.40%	0.40%	1.16%	1.75%	3.98%	1.80%	1.14%	2.63%	3.25%	2.65%	2.81%	1.90%	2.63%	2.42%	1.59%	0.61%	3.47%	1.98%	1.75%	1.79%	0.00%									
22	Прохоров Михаил Дмитриевич	2372	103	133	84	58	54	84	30	91	58	119	24	89	85	32	85	23	30	29	38	36	35	64	9	82	60	10	59	32	44	46	61	23	7	14	7	6	6	10	19	0	3	4	2	10	20	8	48	10	2	0	2	17	24	20	13	11	13	7	12	7	1	12	0	7	19	6	3	2	5	7	7	24	11	8	22	18	16	12	18	10	12	3	13	2	8	8	3	3	0									
		4.12%	5.63%	7.38%	7.37%	5.58%	4.44%	4.46%	5.69%	6.85%	3.99%	6.55%	1.74%	5.88%	8.34%	3.97%	6.38%	2.64%	2.35%	4.63%	5.46%	3.96%	6.13%	6.54%	3.49%	5.05%	2.71%	3.60%	4.27%	5.86%	5.06%	5.50%	5.25%	3.23%	4.07%	4.07%	3.20%	2.04%	2.78%	2.05%	3.92%	0.00%	2.05%	2.74%	2.11%	1.38%	2.54%	4.60%	4.62%	3.42%	0.50%	0.00%	0.59%	3.51%	5.39%	5.22%	4.30%	2.74%	2.49%	4.93%	3.11%	3.20%	0.64%	3.22%	0.00%	0.99%	1.99%	3.66%	3.70%	2.63%	2.00%	2.80%	4.07%	2.21%	2.31%	3.60%	4.19%	3.64%	3.25%	2.65%	3.16%	1.73%	1.97%	1.04%	2.95%	0.61%	2.31%	1.98%	1.31%	1.79%	0.00%									
23	Путин Владимир Владимирович	42899	1334	1267	755	732	907	1494	366	884	1069	1286	1197	1064	679	561	898	678	1028	474	493	677	390	692	200	1198	1864	212	928	394	587	627	797	606	118	292	175	184	188	401	303	104	126	113	67	609	642	149	666	207	355	577	290	301	306	246	204	258	332	92	316	157	134	293	269	591	703	119	61	67	212	236	128	812	382	159	403	358	358	349	417	364	529	223	342	303	272	313	152	148	86									
		74.51%	72.90%	70.35%	66.23%	70.45%	74.53%	79.38%	69.45%	66.52%	73.57%	70.78%	86.93%	70.32%	66.63%	69.60%	67.37%	77.84%	80.63%	75.60%	70.83%	74.40%	68.30%	70.68%	77.52%	73.81%	84.04%	76.26%	67.20%	72.16%	67.47%	74.91%	68.65%	85.23%	68.60%	84.88%	79.91%	62.59%	87.04%	82.34%	62.47%	76.47%	86.30%	77.40%	70.53%	84.00%	81.68%	85.63%	64.16%	70.89%	89.42%	97.14%	86.05%	62.19%	68.76%	64.23%	67.55%	64.18%	63.48%	64.79%	81.87%	71.69%	85.90%	78.55%	82.01%	84.31%	73.54%	72.56%	75.31%	88.16%	84.80%	94.40%	74.42%	74.70%	80.08%	71.62%	76.76%	72.47%	72.76%	77.21%	73.16%	62.98%	86.86%	77.16%	77.73%	92.10%	78.61%	77.28%	66.38%	88.10%	91.49%									
																																																																																																				
																																																																																																				
																																																																																																				
																																																																																																				
																																																																																																				
																																																																																																				
																																																																																																				
																																																																																																				
																																																																																																				
																																																																																																				
																																																																																																				
																																																																																																				
																																																																																																				
																																																																																																				
																																																																																																				
																																																																																																				
																																																																																																				
																																																																																																				
																																																																																																				
																																																																																																				
																																																																																																				
																																																																																																				
																																																																																																				
																																																																																																				
																																																																																																				
																																																																																																				
																																																																																																				
