Выборы Президента Российской Федерации																																																								
Дата голосования: 02.03.2008																																																								
																																																								
Наименование Избирательной комиссии:    Краснозерская																																																								
																																																								
Сводная таблица результатов выборов																																																								
																																																								
	Число участковых избирательных комиссий	49																																																						
	"Число участковых избирательных комиссий, приступивших к передаче сведений"	49																																																						
																																																								
		Сумма	УИК №523	УИК №524	УИК №525	УИК №526	УИК №527	УИК №528	УИК №529	УИК №530	УИК №531	УИК №532	УИК №533	УИК №534	УИК №535	УИК №536	УИК №537	УИК №538	УИК №539	УИК №540	УИК №541	УИК №542	УИК №543	УИК №544	УИК №545	УИК №546	УИК №547	УИК №548	УИК №549	УИК №550	УИК №551	УИК №552	УИК №553	УИК №554	УИК №555	УИК №556	УИК №557	УИК №558	УИК №559	УИК №560	УИК №561	УИК №562	УИК №563	УИК №564	УИК №565	УИК №566	УИК №567	УИК №568	УИК №569	УИК №570	УИК №571					
1	"Число избирателей, включенных в списки избирателей"	28145	502	70	922	578	365	625	539	245	110	353	120	296	2645	2671	2787	106	523	373	63	878	391	640	90	790	543	176	708	258	967	579	820	129	278	539	170	82	92	770	233	1013	726	281	545	139	1051	554	139	110	561					
2	"Число избирательных бюллетеней, полученных участковыми избирательными комиссиями"	29180	500	80	950	600	370	620	520	250	110	370	120	300	2800	2800	2800	250	550	370	70	950	380	680	120	800	570	180	700	260	950	600	850	140	290	570	190	80	90	800	240	1050	750	300	550	150	1100	570	140	110	590					
3	"Число избирательных бюллетеней, выданных избирателям, проголосовавшим досрочно"	0	0	0	0	0	0	0	0	0	0	0	0	0	0	0	0	0	0	0	0	0	0	0	0	0	0	0	0	0	0	0	0	0	0	0	0	0	0	0	0	0	0	0	0	0	0	0	0	0	0					
4	"Число избирательных бюллетеней, выданных в помещениях для голосования в день голосования"	20649	415	57	760	502	302	448	416	198	98	308	105	234	1724	1653	1609	103	424	294	58	630	323	506	69	583	403	164	582	195	821	376	659	118	216	408	165	71	85	585	212	644	523	248	444	101	726	442	132	90	420					
5	"Число избирательных бюллетеней, выданных вне помещений для голосования в день голосования"	1790	39	8	49	21	22	60	32	13	0	0	0	8	182	191	127	3	14	0	0	59	22	58	21	60	72	0	12	15	19	109	30	0	17	41	0	6	5	41	2	80	54	14	30	14	145	34	0	7	54					
6	Число погашенных избирательных бюллетеней	6741	46	15	141	77	46	112	72	39	12	62	15	58	894	956	1064	144	112	76	12	261	35	116	30	157	95	16	106	50	110	115	161	22	57	121	25	3	0	174	26	326	173	38	76	35	229	94	8	13	116					
7	Число избирательных бюллетеней в переносных ящиках для голосования	1790	39	8	49	21	22	60	32	13	0	0	0	8	182	191	127	3	14	0	0	59	22	58	21	60	72	0	12	15	19	109	30	0	17	41	0	6	5	41	2	80	54	14	30	14	145	34	0	7	54					
8	Число бюллетеней в стационарных ящиках для голосования	20648	415	57	760	502	302	448	416	198	98	308	105	234	1723	1653	1609	103	424	294	58	630	323	506	69	583	403	164	582	195	821	376	659	118	216	408	165	71	85	585	212	644	523	248	444	101	726	442	132	90	420					
9	Число недействительных избирательных бюллетеней	228	3	1	5	7	0	4	5	0	0	5	0	1	26	31	28	0	14	0	0	3	2	9	0	7	15	0	7	0	5	2	1	1	5	3	0	0	1	2	0	8	5	1	7	0	5	2	1	0	6					
10	Число действительных избирательных бюллетеней	22210	451	64	804	516	324	504	443	211	98	303	105	241	1879	1813	1708	106	424	294	58	686	343	555	90	636	460	164	587	210	835	483	688	117	228	446	165	77	89	624	214	716	572	261	467	115	866	474	131	97	468					
11	Число полученных открепительных  удостоверений	1033	13	7	37	19	13	16	13	12	4	13	3	16	99	75	76	8	26	3	7	27	3	34	27	18	33	2	10	6	28	12	33	14	12	25	15	6	5	30	6	30	25	12	10	12	81	25	2	5	25					
12	"Число открепительных удостоверений, выданных избирателям на избирательных участках"	1033	13	7	37	19	13	16	13	12	4	13	3	16	99	75	76	8	26	3	7	27	3	34	27	18	33	2	10	6	28	12	33	14	12	25	15	6	5	30	6	30	25	12	10	12	81	25	2	5	25					
13	"Число избирателей, проголосовавших по открепительным удостоверениям"	278	7	1	9	5	4	2	2	3	1	1	1	4	41	25	15	31	4	6	1	12	1	3	2	3	6	1	3	1	6	6	5	1	2	7	1	3	3	11	1	1	0	1	5	2	17	6	1	1	3					
14	Число неиспользованных открепительных удостоверений	0	0	0	0	0	0	0	0	0	0	0	0	0	0	0	0	0	0	0	0	0	0	0	0	0	0	0	0	0	0	0	0	0	0	0	0	0	0	0	0	0	0	0	0	0	0	0	0	0	0					
15	"Число открепительных удостоверений, выданных избирателям ТИК"	567	10	1	1	4	1	4	2	1	2	7	0	0	75	76	54	0	7	3	0	50	1	25	6	25	5	0	12	0	0	0	25	0	4	5	2	0	0	27	3	40	10	8	12	2	23	21	1	2	10					
16	Число утраченных избирательных бюллетеней	0	0	0	0	0	0	0	0	0	0	0	0	0	0	0	0	0	0	0	0	0	0	0	0	0	0	0	0	0	0	0	0	0	0	0	0	0	0	0	0	0	0	0	0	0	0	0	0	0	0					
17	"Число избирательных бюллетеней, не учтенных при получении"	0	0	0	0	0	0	0	0	0	0	0	0	0	0	0	0	0	0	0	0	0	0	0	0	0	0	0	0	0	0	0	0	0	0	0	0	0	0	0	0	0	0	0	0	0	0	0	0	0	0					
17а	Число утраченных открепительных удостоверений	0	0	0	0	0	0	0	0	0	0	0	0	0	0	0	0	0	0	0	0	0	0	0	0	0	0	0	0	0	0	0	0	0	0	0	0	0	0	0	0	0	0	0	0	0	0	0	0	0	0					
17б	"Число открепительных удостоверений, не учтенных при получении"	0	0	0	0	0	0	0	0	0	0	0	0	0	0	0	0	0	0	0	0	0	0	0	0	0	0	0	0	0	0	0	0	0	0	0	0	0	0	0	0	0	0	0	0	0	0	0	0	0	0					
"Число голосов избирателей, поданных за каждый список"																																																								
18	Богданов Андрей Владимирович	184	8	0	4	1	3	2	3	0	0	4	2	1	28	23	13	2	6	3	0	8	3	6	0	1	2	0	4	5	5	5	6	0	1	1	0	0	0	6	2	2	4	1	2	2	7	5	0	0	3					
		0.82%	1.76%	0.00%	0.49%	0.19%	0.93%	0.39%	0.67%	0.00%	0.00%	1.30%	1.90%	0.41%	1.47%	1.25%	0.75%	1.89%	1.37%	1.02%	0.00%	1.16%	0.87%	1.06%	0.00%	0.16%	0.42%	0.00%	0.67%	2.38%	0.60%	1.03%	0.87%	0.00%	0.43%	0.22%	0.00%	0.00%	0.00%	0.96%	0.93%	0.28%	0.69%	0.38%	0.42%	1.74%	0.80%	1.05%	0.00%	0.00%	0.63%					
19	Жириновский Владимир Вольфович	2376	42	5	60	53	32	26	63	36	15	53	12	34	184	202	205	11	42	38	8	72	42	47	5	68	19	9	76	20	60	43	56	16	12	48	18	6	10	41	47	64	93	64	66	16	104	62	23	16	32					
		10.59%	9.25%	7.69%	7.42%	10.13%	9.88%	5.12%	14.06%	17.06%	15.31%	17.21%	11.43%	14.05%	9.66%	10.95%	11.81%	10.38%	9.59%	12.93%	13.79%	10.45%	12.17%	8.33%	5.56%	10.58%	4.00%	5.49%	12.79%	9.52%	7.14%	8.87%	8.13%	13.56%	5.15%	10.69%	10.91%	7.79%	11.11%	6.55%	21.96%	8.84%	16.12%	24.43%	13.92%	13.91%	11.94%	13.03%	17.42%	16.49%	6.75%					
20	Зюганов Геннадий Андреевич	5863	108	9	169	156	55	187	64	32	27	64	41	31	510	511	490	16	122	57	11	169	102	189	32	124	214	43	117	39	178	78	223	15	43	139	56	14	14	206	44	295	176	59	168	38	162	72	10	5	179					
		26.13%	23.79%	13.85%	20.89%	29.83%	16.98%	36.81%	14.29%	15.17%	27.55%	20.78%	39.05%	12.81%	26.77%	27.71%	28.23%	15.09%	27.85%	19.39%	18.97%	24.53%	29.57%	33.51%	35.56%	19.28%	45.05%	26.22%	19.70%	18.57%	21.19%	16.08%	32.37%	12.71%	18.45%	30.96%	33.94%	18.18%	15.56%	32.91%	20.56%	40.75%	30.50%	22.52%	35.44%	33.04%	18.60%	15.13%	7.58%	5.15%	37.76%					
21	Медведев Дмитрий Анатольевич	13787	293	50	571	306	234	289	313	143	56	182	50	175	1157	1077	1000	77	254	196	39	437	196	313	53	443	225	112	390	146	592	357	403	86	172	258	91	57	65	371	121	355	299	137	231	59	593	335	98	76	254					
		61.44%	64.54%	76.92%	70.58%	58.51%	72.22%	56.89%	69.87%	67.77%	57.14%	59.09%	47.62%	72.31%	60.73%	58.41%	57.60%	72.64%	57.99%	66.67%	67.24%	63.43%	56.81%	55.50%	58.89%	68.90%	47.37%	68.29%	65.66%	69.52%	70.48%	73.61%	58.49%	72.88%	73.82%	57.46%	55.15%	74.03%	72.22%	59.27%	56.54%	49.03%	51.82%	52.29%	48.73%	51.30%	68.08%	70.38%	74.24%	78.35%	53.59%					
																																																								
																																																								
																																																								
																																																								
																																																								
																																																								
																																																								
																																																								
																																																								
																																																								
																																																								
																																																								
																																																								
																																																								
																																																								
																																																								
																																																								
																																																								
