Выборы Президента Российской Федерации																																																														
Дата голосования: 02.03.2008																																																														
																																																														
Наименование Избирательной комиссии:    район Люблино																																																														
																																																														
Сводная таблица результатов выборов																																																														
																																																														
	Число участковых избирательных комиссий	55																																																												
	"Число участковых избирательных комиссий, приступивших к передаче сведений"	55																																																												
																																																														
		Сумма	УИК №1360	УИК №1361	УИК №1362	УИК №1363	УИК №1364	УИК №1365	УИК №1366	УИК №1367	УИК №1368	УИК №1369	УИК №1370	УИК №1371	УИК №1372	УИК №1373	УИК №1374	УИК №1375	УИК №1376	УИК №1377	УИК №1378	УИК №1379	УИК №1380	УИК №1381	УИК №1382	УИК №1383	УИК №1384	УИК №1385	УИК №1386	УИК №1387	УИК №1388	УИК №1389	УИК №1390	УИК №1391	УИК №1392	УИК №1393	УИК №1394	УИК №1395	УИК №1396	УИК №1397	УИК №1398	УИК №1399	УИК №1400	УИК №1401	УИК №1402	УИК №1403	УИК №1404	УИК №1405	УИК №1406	УИК №1407	УИК №1408	УИК №1409	УИК №1410	УИК №3217	УИК №3218	УИК №3219	УИК №3220					
1	"Число избирателей, включенных в списки избирателей"	106510	2736	1603	1785	1742	1803	1898	2076	1115	1096	1607	1611	1690	2180	2385	2145	1735	2391	2244	2628	2614	2310	2192	2552	2310	2580	2594	2780	1114	1679	1896	2455	2806	2139	2665	1897	2616	2188	1843	2100	1523	2100	2002	1611	1375	1437	1646	2334	2321	1798	2133	2196	393	817	544	480					
2	"Число избирательных бюллетеней, полученных участковыми избирательными комиссиями"	89900	2200	1300	1600	1500	1500	1600	1750	950	900	1450	1450	1400	1800	2000	1750	1500	2000	1850	2200	2350	1900	1800	2100	1900	2100	2100	2300	950	1350	1600	2050	2300	1900	2200	1600	2150	1800	1500	1750	1450	1700	1650	1550	1150	1200	1300	1900	1900	1600	1750	1750	500	900	700	500					
3	"Число избирательных бюллетеней, выданных избирателям, проголосовавшим досрочно"	0	0	0	0	0	0	0	0	0	0	0	0	0	0	0	0	0	0	0	0	0	0	0	0	0	0	0	0	0	0	0	0	0	0	0	0	0	0	0	0	0	0	0	0	0	0	0	0	0	0	0	0	0	0	0	0					
4	"Число избирательных бюллетеней, выданных в помещениях для голосования в день голосования"	82720	2179	1249	1523	1211	1318	1274	1594	856	833	1403	1384	1301	1733	1739	1582	1371	1755	1802	2136	2270	1812	1753	1982	1732	1993	2059	2273	918	1226	1470	1792	2233	1826	2145	1340	2087	1385	1466	1565	1181	1673	1558	1317	1103	1051	1263	1637	1755	1126	1677	1721	247	817	544	480					
5	"Число избирательных бюллетеней, выданных вне помещений для голосования в день голосования"	1926	21	20	26	27	40	33	18	33	37	30	27	19	36	52	40	33	43	32	32	34	29	29	20	15	23	15	6	14	25	10	28	23	35	19	13	18	31	19	55	12	10	13	12	11	80	37	27	32	411	46	29	146	0	0	0					
6	Число погашенных избирательных бюллетеней	5254	0	31	51	262	142	293	138	61	30	17	39	80	31	209	128	96	202	16	32	46	59	18	98	153	84	26	21	18	99	120	230	44	39	36	247	45	384	15	130	257	17	79	221	36	69	0	236	113	63	27	0	107	83	156	20					
7	Число избирательных бюллетеней в переносных ящиках для голосования	1925	21	20	26	27	40	33	18	33	37	30	27	19	36	52	40	33	42	32	32	34	29	29	20	15	23	15	6	14	25	10	28	23	35	19	13	18	31	19	55	12	10	13	12	11	80	37	27	32	411	46	29	146	0	0	0					
8	Число бюллетеней в стационарных ящиках для голосования	82547	2179	1249	1523	1211	1318	1274	1594	856	833	1401	1380	1301	1733	1739	1574	1330	1735	1802	2136	2270	1812	1753	1982	1732	1935	2044	2273	918	1226	1460	1792	2233	1826	2145	1340	2087	1385	1466	1565	1181	1673	1554	1317	1103	1051	1263	1637	1755	1124	1675	1714	247	817	544	480					
9	Число недействительных избирательных бюллетеней	1472	40	1	19	19	27	26	119	7	19	26	74	26	18	37	30	20	86	97	31	33	59	25	15	17	25	22	36	6	6	27	22	29	37	29	21	24	65	2	29	10	21	26	16	15	16	23	16	0	22	36	2	7	0	9	2					
10	Число действительных избирательных бюллетеней	83000	2160	1268	1530	1219	1331	1281	1493	882	851	1405	1333	1294	1751	1754	1584	1343	1691	1737	2137	2271	1782	1757	1987	1730	1933	2037	2243	926	1245	1443	1798	2227	1824	2135	1332	2081	1351	1483	1591	1183	1662	1541	1313	1099	1115	1277	1648	1787	1513	1685	1741	386	817	535	478					
11	Число полученных открепительных  удостоверений	2909	63	47	40	50	50	70	70	50	50	50	30	60	56	50	60	60	60	63	80	62	60	50	55	65	55	55	65	32	50	48	69	85	74	60	50	75	46	55	30	54	50	60	30	50	41	84	57	63	90	50	80	0	0	0	0					
12	"Число открепительных удостоверений, выданных избирателям на избирательных участках"	2909	63	47	40	50	50	70	70	50	50	50	30	60	56	50	60	60	60	63	80	62	60	50	55	65	55	55	65	32	50	48	69	85	74	60	50	75	46	55	30	54	50	60	30	50	41	84	57	63	90	50	80	0	0	0	0					
13	"Число избирателей, проголосовавших по открепительным удостоверениям"	1495	49	34	16	10	15	10	10	5	21	21	30	27	26	8	22	35	7	15	14	33	0	14	26	10	24	39	58	15	48	0	42	29	16	19	10	21	47	26	12	36	46	34	18	39	23	30	39	33	50	22	17	84	105	23	32					
14	Число неиспользованных открепительных удостоверений	0	0	0	0	0	0	0	0	0	0	0	0	0	0	0	0	0	0	0	0	0	0	0	0	0	0	0	0	0	0	0	0	0	0	0	0	0	0	0	0	0	0	0	0	0	0	0	0	0	0	0	0	0	0	0	0					
15	"Число открепительных удостоверений, выданных избирателям ТИК"	41	2	3	0	1	0	1	1	0	1	2	1	0	0	1	1	1	1	1	0	1	1	2	3	0	0	0	1	0	0	0	0	2	0	0	1	2	1	1	0	0	0	1	0	2	0	0	2	2	1	1	0	0	0	0	0					
16	Число утраченных избирательных бюллетеней	0	0	0	0	0	0	0	0	0	0	0	0	0	0	0	0	0	0	0	0	0	0	0	0	0	0	0	0	0	0	0	0	0	0	0	0	0	0	0	0	0	0	0	0	0	0	0	0	0	0	0	0	0	0	0	0					
17	"Число избирательных бюллетеней, не учтенных при получении"	0	0	0	0	0	0	0	0	0	0	0	0	0	0	0	0	0	0	0	0	0	0	0	0	0	0	0	0	0	0	0	0	0	0	0	0	0	0	0	0	0	0	0	0	0	0	0	0	0	0	0	0	0	0	0	0					
17а	Число утраченных открепительных удостоверений	0	0	0	0	0	0	0	0	0	0	0	0	0	0	0	0	0	0	0	0	0	0	0	0	0	0	0	0	0	0	0	0	0	0	0	0	0	0	0	0	0	0	0	0	0	0	0	0	0	0	0	0	0	0	0	0					
17б	"Число открепительных удостоверений, не учтенных при получении"	0	0	0	0	0	0	0	0	0	0	0	0	0	0	0	0	0	0	0	0	0	0	0	0	0	0	0	0	0	0	0	0	0	0	0	0	0	0	0	0	0	0	0	0	0	0	0	0	0	0	0	0	0	0	0	0					
"Число голосов избирателей, поданных за каждый список"																																																														
18	Богданов Андрей Владимирович	954	0	0	8	23	17	0	23	9	8	14	8	17	32	30	35	17	15	7	25	36	9	24	43	26	29	35	7	17	5	14	27	24	0	32	23	38	31	7	29	7	16	15	22	14	25	16	24	7	16	28	5	6	0	9	0					
		1.13%	0.00%	0.00%	0.52%	1.86%	1.25%	0.00%	1.43%	1.01%	0.92%	0.98%	0.57%	1.29%	1.81%	1.68%	2.17%	1.25%	0.84%	0.38%	1.15%	1.56%	0.49%	1.35%	2.15%	1.49%	1.48%	1.70%	0.31%	1.82%	0.40%	0.95%	1.48%	1.06%	0.00%	1.48%	1.70%	1.81%	2.19%	0.47%	1.79%	0.59%	0.95%	0.96%	1.66%	1.26%	2.21%	1.23%	1.44%	0.39%	1.04%	1.63%	0.29%	1.53%	0.00%	1.65%	0.00%					
19	Жириновский Владимир Вольфович	5152	0	89	62	84	87	25	102	67	53	45	20	78	114	115	92	90	54	75	173	105	140	129	135	77	133	169	61	53	92	120	142	174	104	117	105	127	143	112	119	22	60	59	91	80	103	131	126	124	158	189	83	25	86	25	8					
		6.10%	0.00%	7.01%	4.00%	6.79%	6.41%	1.91%	6.33%	7.54%	6.09%	3.14%	1.42%	5.91%	6.44%	6.42%	5.70%	6.60%	3.04%	4.09%	7.98%	4.56%	7.60%	7.24%	6.74%	4.41%	6.79%	8.21%	2.68%	5.69%	7.35%	8.16%	7.80%	7.71%	5.59%	5.41%	7.76%	6.03%	10.10%	7.54%	7.35%	1.84%	3.57%	3.77%	6.85%	7.18%	9.11%	10.08%	7.57%	6.94%	10.29%	10.98%	4.76%	6.36%	10.53%	4.60%	1.67%					
20	Зюганов Геннадий Андреевич	9785	276	163	118	146	172	211	140	133	138	94	137	149	188	238	232	137	181	267	314	201	217	311	167	216	248	210	246	105	178	100	202	223	240	286	135	287	215	195	137	113	195	210	129	111	104	141	159	138	169	249	403	29	53	26	3					
		11.58%	12.55%	12.84%	7.62%	11.79%	12.67%	16.14%	8.68%	14.96%	15.86%	6.57%	9.74%	11.29%	10.63%	13.29%	14.37%	10.05%	10.19%	14.56%	14.48%	8.72%	11.79%	17.45%	8.34%	12.36%	12.67%	10.20%	10.79%	11.27%	14.23%	6.80%	11.10%	9.88%	12.90%	13.22%	9.98%	13.63%	15.18%	13.13%	8.46%	9.47%	11.59%	13.40%	9.71%	9.96%	9.20%	10.85%	9.56%	7.72%	11.01%	14.47%	23.12%	7.38%	6.49%	4.78%	0.63%					
21	Медведев Дмитрий Анатольевич	67109	1884	1016	1342	966	1055	1045	1228	673	652	1252	1168	1050	1417	1371	1225	1099	1441	1388	1625	1929	1416	1293	1642	1411	1523	1623	1929	751	970	1209	1427	1806	1480	1700	1069	1629	962	1169	1306	1041	1391	1257	1071	894	883	989	1339	1518	1170	1219	1250	326	678	475	467					
		79.45%	85.64%	80.06%	86.64%	78.03%	77.69%	79.95%	76.18%	75.70%	74.94%	87.49%	83.01%	79.55%	80.10%	76.55%	75.90%	80.63%	81.09%	75.68%	74.95%	83.72%	76.91%	72.56%	82.02%	80.77%	77.78%	78.82%	84.64%	80.58%	77.54%	82.24%	78.41%	80.05%	79.53%	78.56%	79.01%	77.39%	67.94%	78.72%	80.62%	87.26%	82.65%	80.22%	80.59%	80.25%	78.07%	76.08%	80.47%	84.95%	76.22%	70.83%	71.72%	82.95%	82.99%	87.32%	97.29%					
																																																														
																																																														
																																																														
																																																														
																																																														
																																																														
																																																														
																																																														
																																																														
																																																														
																																																														
																																																														
																																																														
																																																														
																																																														
																																																														
																																																														
																																																														
