Выборы Президента Российской Федерации																																																																																		
Дата голосования: 04.03.2012																																																																																		
																																																																																		
Наименование Избирательной комиссии:    Илишевская																																																																																		
																																																																																		
Сводная таблица итогов голосования																																																																																		
																																																																																		
	Число участковых избирательных комиссий	71																																																																																
	Число участковых избирательных комиссий, приступивших к передаче сведений	71																																																																																
																																																																																		
		Сумма	УИК №2050	УИК №2051	УИК №2052	УИК №2053	УИК №2054	УИК №2055	УИК №2056	УИК №2057	УИК №2058	УИК №2059	УИК №2060	УИК №2061	УИК №2062	УИК №2063	УИК №2064	УИК №2065	УИК №2066	УИК №2067	УИК №2068	УИК №2069	УИК №2070	УИК №2071	УИК №2072	УИК №2073	УИК №2074	УИК №2075	УИК №2076	УИК №2077	УИК №2078	УИК №2079	УИК №2080	УИК №2081	УИК №2082	УИК №2083	УИК №2084	УИК №2085	УИК №2086	УИК №2087	УИК №2088	УИК №2089	УИК №2090	УИК №2091	УИК №2092	УИК №2093	УИК №2094	УИК №2095	УИК №2096	УИК №2097	УИК №2098	УИК №2099	УИК №2100	УИК №2101	УИК №2102	УИК №2103	УИК №2104	УИК №2105	УИК №2106	УИК №2107	УИК №2108	УИК №2109	УИК №2110	УИК №2111	УИК №2112	УИК №2113	УИК №2114	УИК №2115	УИК №2116	УИК №2117	УИК №2118	УИК №2119	УИК №2120									
1	Число избирателей, включенных в список избирателей	24216	356	98	193	531	221	140	501	184	238	156	75	130	125	288	165	236	513	77	78	223	206	379	503	156	80	126	427	257	73	363	207	150	536	328	151	545	271	420	198	331	217	369	86	203	331	163	133	198	578	283	133	458	103	82	452	283	445	288	618	759	84	226	263	149	318	983	955	1004	1378	1413	1026									
2	Число избирательных бюллетеней, полученных участковой избирательной комиссией	26356	374	102	202	581	254	153	558	200	246	169	79	136	135	321	182	262	593	81	78	257	241	415	583	160	82	133	459	263	75	372	215	152	618	329	153	635	274	444	205	350	264	415	93	224	349	170	137	212	672	316	160	487	105	85	463	331	468	307	646	785	84	250	294	163	342	1097	1021	1093	1508	1565	1129									
3	Число избирательных бюллетеней, выданных избирателям, проголосовавшим досрочно	0	0	0	0	0	0	0	0	0	0	0	0	0	0	0	0	0	0	0	0	0	0	0	0	0	0	0	0	0	0	0	0	0	0	0	0	0	0	0	0	0	0	0	0	0	0	0	0	0	0	0	0	0	0	0	0	0	0	0	0	0	0	0	0	0	0	0	0	0	0	0	0									
4	Число избирательных бюллетеней, выданных в помещении для голосования в день голосования	21580	297	90	154	471	181	115	450	162	216	146	64	121	120	252	133	187	424	57	54	195	181	325	437	125	73	101	377	233	65	321	187	128	390	292	137	500	243	373	155	273	206	351	77	203	315	163	133	193	514	228	119	411	103	82	418	243	388	254	499	724	66	209	232	130	287	912	875	848	1288	1340	964									
5	Число избирательных бюллетеней, выданных вне помещения для голосования в день голосования	2168	54	8	39	56	40	23	48	19	22	10	11	4	5	29	26	46	86	20	24	23	22	46	60	29	7	18	50	24	8	36	20	22	134	19	12	45	28	45	41	56	11	18	8	0	8	0	0	0	64	41	12	37	0	0	30	35	45	28	89	32	18	15	29	19	31	56	61	107	17	19	23									
6	Число погашенных избирательных бюллетеней	2608	23	4	9	54	33	15	60	19	8	13	4	11	10	40	23	29	83	4	0	39	38	44	86	6	2	14	32	6	2	15	8	2	94	18	4	90	3	26	9	21	47	46	8	21	26	7	4	19	94	47	29	39	2	3	15	53	35	25	58	29	0	26	33	14	24	129	85	138	203	206	142									
7	Число избирательных бюллетеней в переносных ящиках для голосования	2168	54	8	39	56	40	23	48	19	22	10	11	4	5	29	26	46	86	20	24	23	22	46	60	29	7	18	50	24	8	36	20	22	134	19	12	45	28	45	41	56	11	18	8	0	8	0	0	0	64	41	12	37	0	0	30	35	45	28	89	32	18	15	29	19	31	56	61	107	17	19	23									
8	Число бюллетеней в стационарных ящиках для голосования	21580	297	90	154	471	181	115	450	162	216	146	64	121	120	252	133	187	424	57	54	195	181	325	437	125	73	101	377	233	65	321	187	128	390	292	137	500	243	373	155	273	206	351	77	203	315	163	133	193	514	228	119	411	103	82	418	243	388	254	499	724	66	209	232	130	287	912	875	848	1288	1340	964									
9	Число недействительных избирательных бюллетеней	41	0	0	0	0	0	0	0	0	0	0	0	0	0	0	0	0	14	0	0	0	0	0	6	0	0	0	0	0	0	0	0	0	5	1	0	2	0	0	0	0	2	0	0	0	0	0	0	0	2	0	0	0	0	0	0	0	0	1	0	3	0	0	0	0	0	0	0	5	0	0	0									
10	Число действительных избирательных бюллетеней	23707	351	98	193	527	221	138	498	181	238	156	75	125	125	281	159	233	496	77	78	218	203	371	491	154	80	119	427	257	73	357	207	150	519	310	149	543	271	418	196	329	215	369	85	203	323	163	133	193	576	269	131	448	103	82	448	278	433	281	588	753	84	224	261	149	318	968	936	950	1305	1359	987									
11	Число полученных открепительных  удостоверений	726	0	0	0	15	6	4	20	15	5	10	3	5	5	4	6	2	25	2	0	14	6	13	16	1	0	2	7	2	0	0	0	0	5	7	0	5	5	2	0	0	7	5	0	3	10	0	0	3	17	15	5	22	0	2	8	9	18	17	11	20	0	13	21	9	15	65	42	27	42	52	56									
12	Число открепительных удостоверений, выданных избирателям на избирательном участке	726	0	0	0	15	6	4	20	15	5	10	3	5	5	4	6	2	25	2	0	14	6	13	16	1	0	2	7	2	0	0	0	0	5	7	0	5	5	2	0	0	7	5	0	3	10	0	0	3	17	15	5	22	0	2	8	9	18	17	11	20	0	13	21	9	15	65	42	27	42	52	56									
13	Число избирателей, проголосовавших по открепительным удостоверениям	254	3	1	2	4	4	2	2	2	2	4	3	4	4	8	4	3	7	2	0	3	1	4	12	2	2	1	1	3	2	4	7	4	9	3	3	4	1	1	3	2	3	4	2	2	3	2	4	2	5	4	2	5	0	2	5	5	0	5	3	2	1	3	2	4	1	17	17	5	5	4	2									
14	Число неиспользованных открепительных удостоверений	0	0	0	0	0	0	0	0	0	0	0	0	0	0	0	0	0	0	0	0	0	0	0	0	0	0	0	0	0	0	0	0	0	0	0	0	0	0	0	0	0	0	0	0	0	0	0	0	0	0	0	0	0	0	0	0	0	0	0	0	0	0	0	0	0	0	0	0	0	0	0	0									
15	Число открепительных удостоверений, выданных избирателям ТИК	424	16	0	1	1	0	0	14	0	0	0	0	0	2	35	8	22	17	0	0	8	10	12	24	3	2	4	10	4	2	9	3	1	6	1	0	3	1	14	7	11	23	16	5	5	0	3	6	4	5	13	20	13	0	0	14	18	0	0	6	1	0	7	0	4	0	3	0	0	1	3	3									
16	Число утраченных открепительных удостоверений	0	0	0	0	0	0	0	0	0	0	0	0	0	0	0	0	0	0	0	0	0	0	0	0	0	0	0	0	0	0	0	0	0	0	0	0	0	0	0	0	0	0	0	0	0	0	0	0	0	0	0	0	0	0	0	0	0	0	0	0	0	0	0	0	0	0	0	0	0	0	0	0									
17	Число утраченных избирательных бюллетеней	0	0	0	0	0	0	0	0	0	0	0	0	0	0	0	0	0	0	0	0	0	0	0	0	0	0	0	0	0	0	0	0	0	0	0	0	0	0	0	0	0	0	0	0	0	0	0	0	0	0	0	0	0	0	0	0	0	0	0	0	0	0	0	0	0	0	0	0	0	0	0	0									
18	Число избирательных бюллетеней, не учтенных при получении	0	0	0	0	0	0	0	0	0	0	0	0	0	0	0	0	0	0	0	0	0	0	0	0	0	0	0	0	0	0	0	0	0	0	0	0	0	0	0	0	0	0	0	0	0	0	0	0	0	0	0	0	0	0	0	0	0	0	0	0	0	0	0	0	0	0	0	0	0	0	0	0									
																																																																																		
19	Жириновский Владимир Вольфович	228	1	0	1	13	2	3	2	0	0	1	3	2	0	0	2	0	3	0	0	2	1	3	13	0	0	1	2	2	0	3	2	1	4	2	4	3	1	2	1	2	2	1	1	1	6	2	2	4	7	2	1	3	0	0	6	3	5	4	10	9	2	2	2	0	2	6	7	22	12	16	6									
		0.96%	0.28%	0.00%	0.52%	2.47%	0.90%	2.17%	0.40%	0.00%	0.00%	0.64%	4.00%	1.60%	0.00%	0.00%	1.26%	0.00%	0.59%	0.00%	0.00%	0.92%	0.49%	0.81%	2.62%	0.00%	0.00%	0.84%	0.47%	0.78%	0.00%	0.84%	0.97%	0.67%	0.76%	0.64%	2.68%	0.55%	0.37%	0.48%	0.51%	0.61%	0.92%	0.27%	1.18%	0.49%	1.86%	1.23%	1.50%	2.07%	1.21%	0.74%	0.76%	0.67%	0.00%	0.00%	1.34%	1.08%	1.15%	1.42%	1.70%	1.19%	2.38%	0.89%	0.77%	0.00%	0.63%	0.62%	0.75%	2.30%	0.92%	1.18%	0.61%									
20	Зюганов Геннадий Андреевич	1387	9	3	2	17	3	5	21	8	49	6	2	5	19	31	10	11	48	2	2	7	7	15	63	6	5	11	20	7	3	19	11	2	67	21	5	25	5	9	3	4	11	17	3	16	24	6	6	8	29	3	2	13	3	0	11	10	16	14	61	32	2	1	6	5	10	60	55	102	126	91	76									
		5.84%	2.56%	3.06%	1.04%	3.23%	1.36%	3.62%	4.22%	4.42%	20.59%	3.85%	2.67%	4.00%	15.20%	11.03%	6.29%	4.72%	9.41%	2.60%	2.56%	3.21%	3.45%	4.04%	12.68%	3.90%	6.25%	9.24%	4.68%	2.72%	4.11%	5.32%	5.31%	1.33%	12.79%	6.75%	3.36%	4.59%	1.85%	2.15%	1.53%	1.22%	5.07%	4.61%	3.53%	7.88%	7.43%	3.68%	4.51%	4.15%	5.02%	1.12%	1.53%	2.90%	2.91%	0.00%	2.46%	3.60%	3.70%	4.96%	10.37%	4.23%	2.38%	0.45%	2.30%	3.36%	3.14%	6.20%	5.88%	10.68%	9.66%	6.70%	7.70%									
21	Миронов Сергей Михайлович	212	0	0	1	10	1	1	2	0	0	0	0	1	0	0	2	0	10	1	0	1	2	5	6	0	0	2	0	1	0	1	3	0	16	0	1	4	1	0	0	0	1	4	0	1	1	3	1	0	4	2	1	3	1	1	3	2	4	3	5	12	0	1	2	0	4	2	7	27	20	18	7									
		0.89%	0.00%	0.00%	0.52%	1.90%	0.45%	0.72%	0.40%	0.00%	0.00%	0.00%	0.00%	0.80%	0.00%	0.00%	1.26%	0.00%	1.96%	1.30%	0.00%	0.46%	0.99%	1.35%	1.21%	0.00%	0.00%	1.68%	0.00%	0.39%	0.00%	0.28%	1.45%	0.00%	3.05%	0.00%	0.67%	0.73%	0.37%	0.00%	0.00%	0.00%	0.46%	1.08%	0.00%	0.49%	0.31%	1.84%	0.75%	0.00%	0.69%	0.74%	0.76%	0.67%	0.97%	1.22%	0.67%	0.72%	0.92%	1.06%	0.85%	1.59%	0.00%	0.45%	0.77%	0.00%	1.26%	0.21%	0.75%	2.83%	1.53%	1.32%	0.71%									
22	Прохоров Михаил Дмитриевич	333	1	1	1	5	2	1	2	1	0	2	1	2	0	0	1	1	2	0	0	1	0	7	13	1	0	2	2	1	1	1	1	1	12	3	2	7	0	0	0	0	3	3	0	2	1	2	1	1	14	3	2	3	0	0	3	5	4	2	11	8	1	1	2	0	1	29	6	30	35	71	11									
		1.40%	0.28%	1.02%	0.52%	0.95%	0.90%	0.72%	0.40%	0.55%	0.00%	1.28%	1.33%	1.60%	0.00%	0.00%	0.63%	0.43%	0.39%	0.00%	0.00%	0.46%	0.00%	1.89%	2.62%	0.65%	0.00%	1.68%	0.47%	0.39%	1.37%	0.28%	0.48%	0.67%	2.29%	0.96%	1.34%	1.28%	0.00%	0.00%	0.00%	0.00%	1.38%	0.81%	0.00%	0.99%	0.31%	1.23%	0.75%	0.52%	2.42%	1.12%	1.53%	0.67%	0.00%	0.00%	0.67%	1.80%	0.92%	0.71%	1.87%	1.06%	1.19%	0.45%	0.77%	0.00%	0.31%	2.99%	0.64%	3.14%	2.68%	5.22%	1.11%									
23	Путин Владимир Владимирович	21547	340	94	188	482	213	128	471	172	189	147	69	115	106	250	144	221	433	74	76	207	193	341	396	147	75	103	403	246	69	333	190	146	420	284	137	504	264	407	192	323	198	344	81	183	291	150	123	180	522	259	125	426	99	81	425	258	404	258	501	692	79	219	249	144	301	871	861	769	1112	1163	887									
		90.73%	96.87%	95.92%	97.41%	91.46%	96.38%	92.75%	94.58%	95.03%	79.41%	94.23%	92.00%	92.00%	84.80%	88.97%	90.57%	94.85%	84.90%	96.10%	97.44%	94.95%	95.07%	91.91%	79.68%	95.45%	93.75%	86.55%	94.38%	95.72%	94.52%	93.28%	91.79%	97.33%	80.15%	91.32%	91.95%	92.48%	97.42%	97.37%	97.96%	98.18%	91.24%	93.22%	95.29%	90.15%	90.09%	92.02%	92.48%	93.26%	90.31%	96.28%	95.42%	95.09%	96.12%	98.78%	94.87%	92.81%	93.30%	91.49%	85.20%	91.53%	94.05%	97.77%	95.40%	96.64%	94.65%	89.98%	91.99%	80.52%	85.21%	85.58%	89.87%									
																																																																																		
																																																																																		
																																																																																		
																																																																																		
																																																																																		
																																																																																		
																																																																																		
																																																																																		
																																																																																		
																																																																																		
																																																																																		
																																																																																		
																																																																																		
																																																																																		
																																																																																		
																																																																																		
																																																																																		
																																																																																		
																																																																																		
																																																																																		
																																																																																		
																																																																																		
																																																																																		
																																																																																		
																																																																																		
																																																																																		
																																																																																		
