Выборы Президента Российской Федерации																																																																					
Дата голосования: 02.03.2008																																																																					
																																																																					
Наименование Избирательной комиссии:    Копейская городская																																																																					
																																																																					
Сводная таблица результатов выборов																																																																					
																																																																					
	Число участковых избирательных комиссий	62																																																																			
	"Число участковых избирательных комиссий, приступивших к передаче сведений"	62																																																																			
																																																																					
		Сумма	УИК №1888	УИК №1889	УИК №1890	УИК №1891	УИК №1892	УИК №1893	УИК №1894	УИК №1895	УИК №1896	УИК №1897	УИК №1898	УИК №1899	УИК №1900	УИК №1901	УИК №1902	УИК №1903	УИК №1904	УИК №1905	УИК №1906	УИК №1907	УИК №1908	УИК №1909	УИК №1910	УИК №1911	УИК №1912	УИК №1913	УИК №1914	УИК №1915	УИК №1916	УИК №1917	УИК №1918	УИК №1919	УИК №1920	УИК №1921	УИК №1922	УИК №1923	УИК №1924	УИК №1925	УИК №1926	УИК №1927	УИК №1928	УИК №1930	УИК №1931	УИК №1932	УИК №1933	УИК №1934	УИК №1935	УИК №1936	УИК №1937	УИК №1938	УИК №1939	УИК №1940	УИК №1941	УИК №1942	УИК №1943	УИК №1944	УИК №1945	УИК №1946	УИК №1947	УИК №1948	УИК №1949	УИК №2236					
1	"Число избирателей, включенных в списки избирателей"	104682	2182	1047	1118	1232	2704	2157	2385	734	1524	2068	2617	2040	1622	2442	2493	1814	1466	1129	1877	832	1348	1650	1312	639	1374	1065	2321	2494	2512	2332	1932	2462	1253	2674	1902	2177	2236	1262	699	1585	1046	1281	1084	1903	1267	2792	1722	1823	2095	938	1032	2172	1628	1319	2356	1932	1760	271	2732	231	1200	1386					
2	"Число избирательных бюллетеней, полученных участковыми избирательными комиссиями"	98630	2200	1000	1000	1400	2600	2000	2300	700	1500	1900	2500	1900	1600	2300	2400	1700	1400	1000	1600	800	1300	1700	1000	500	1200	1000	2200	2300	2400	2300	1800	2300	1100	2500	1800	2100	2100	1200	600	1500	1000	1200	1000	1700	1200	2600	1700	1800	2000	900	1000	2100	1500	1200	2200	1800	1600	230	2600	200	1100	1300					
3	"Число избирательных бюллетеней, выданных избирателям, проголосовавшим досрочно"	0	0	0	0	0	0	0	0	0	0	0	0	0	0	0	0	0	0	0	0	0	0	0	0	0	0	0	0	0	0	0	0	0	0	0	0	0	0	0	0	0	0	0	0	0	0	0	0	0	0	0	0	0	0	0	0	0	0	0	0	0	0	0					
4	"Число избирательных бюллетеней, выданных в помещениях для голосования в день голосования"	58612	1029	542	624	708	1481	1362	1255	323	598	1097	1538	1223	794	1285	1542	1030	780	589	921	440	718	937	519	340	839	594	1436	1386	1482	1363	1055	1407	632	1575	997	1221	1294	742	302	809	419	756	573	853	583	1989	1237	1233	1411	518	480	1185	1039	678	1349	1174	1112	130	1618	119	646	701					
5	"Число избирательных бюллетеней, выданных вне помещений для голосования в день голосования"	8954	271	129	148	242	228	241	279	116	285	98	261	201	236	118	90	90	131	84	230	93	79	152	389	85	90	91	119	92	117	129	109	193	102	102	130	143	70	79	76	153	191	125	79	117	94	199	98	137	178	89	115	169	180	120	151	188	59	75	104	47	175	193					
6	Число погашенных избирательных бюллетеней	31064	900	329	228	450	891	397	766	261	617	705	701	476	570	897	768	580	489	327	449	267	503	611	92	75	271	315	645	822	801	808	636	700	366	823	673	736	736	379	222	538	390	319	348	730	523	412	365	430	411	293	405	746	281	402	700	438	429	25	878	34	279	406					
7	Число избирательных бюллетеней в переносных ящиках для голосования	8954	271	129	148	242	228	241	279	116	285	98	261	201	236	118	90	90	131	84	230	93	79	152	389	85	90	91	119	92	117	129	109	193	102	102	130	143	70	79	76	153	191	125	79	117	94	199	98	137	178	89	115	169	180	120	151	188	59	75	104	47	175	193					
8	Число бюллетеней в стационарных ящиках для голосования	58600	1029	542	624	708	1481	1362	1255	323	598	1097	1538	1223	794	1285	1542	1029	780	589	920	440	718	937	519	340	838	593	1436	1386	1475	1363	1055	1407	632	1575	997	1221	1294	742	302	809	419	756	573	853	583	1989	1237	1233	1411	518	480	1185	1039	678	1349	1174	1112	130	1617	119	646	701					
9	Число недействительных избирательных бюллетеней	691	7	0	6	13	23	13	22	7	14	10	14	21	14	13	21	16	11	10	9	3	6	0	10	3	8	4	22	22	24	14	18	16	10	19	16	9	12	13	3	1	2	6	6	13	2	34	11	6	10	6	6	16	13	4	6	11	23	4	19	0	6	10					
10	Число действительных избирательных бюллетеней	66863	1293	671	766	937	1686	1590	1512	432	869	1185	1785	1403	1016	1390	1611	1103	900	663	1141	530	791	1089	898	422	920	680	1533	1456	1568	1478	1146	1584	724	1658	1111	1355	1352	808	375	961	608	875	646	957	675	2154	1324	1364	1579	601	589	1338	1206	794	1494	1351	1148	201	1702	166	815	884					
11	Число полученных открепительных  удостоверений	1327	87	20	16	11	34	43	25	4	13	28	41	17	19	19	37	20	17	14	27	7	14	23	8	7	22	9	30	30	43	21	11	25	11	26	20	16	27	17	12	8	18	41	11	17	12	21	27	14	16	3	12	36	28	13	43	26	19	7	37	9	18	20					
12	"Число открепительных удостоверений, выданных избирателям на избирательных участках"	1247	87	20	16	11	34	25	22	4	11	28	41	17	13	19	37	20	17	6	25	7	14	23	8	7	22	9	30	26	42	21	11	23	11	20	20	16	27	11	9	8	18	41	10	14	12	21	27	13	16	3	12	36	28	13	43	21	19	2	37	9	17	17					
13	"Число избирателей, проголосовавших по открепительным удостоверениям"	910	21	6	3	6	12	6	6	5	14	9	20	16	11	18	15	8	11	11	24	12	14	47	16	0	26	18	13	12	27	20	12	12	9	8	13	27	15	10	12	23	13	14	12	20	11	10	4	1	8	5	8	16	42	6	19	14	79	7	18	8	15	12					
14	Число неиспользованных открепительных удостоверений	80	0	0	0	0	0	18	3	0	2	0	0	0	6	0	0	0	0	8	2	0	0	0	0	0	0	0	0	4	1	0	0	2	0	6	0	0	0	6	3	0	0	0	1	3	0	0	0	1	0	0	0	0	0	0	0	5	0	5	0	0	1	3					
15	"Число открепительных удостоверений, выданных избирателям ТИК"	213	3	4	3	11	3	2	7	2	4	6	4	4	7	5	6	1	2	0	4	1	2	3	2	0	2	2	2	3	9	5	2	6	3	8	5	5	7	2	2	2	5	3	3	4	5	5	3	3	1	2	1	7	5	2	0	0	1	0	2	3	1	6					
16	Число утраченных избирательных бюллетеней	0	0	0	0	0	0	0	0	0	0	0	0	0	0	0	0	0	0	0	0	0	0	0	0	0	0	0	0	0	0	0	0	0	0	0	0	0	0	0	0	0	0	0	0	0	0	0	0	0	0	0	0	0	0	0	0	0	0	0	0	0	0	0					
17	"Число избирательных бюллетеней, не учтенных при получении"	0	0	0	0	0	0	0	0	0	0	0	0	0	0	0	0	0	0	0	0	0	0	0	0	0	0	0	0	0	0	0	0	0	0	0	0	0	0	0	0	0	0	0	0	0	0	0	0	0	0	0	0	0	0	0	0	0	0	0	0	0	0	0					
17а	Число утраченных открепительных удостоверений	0	0	0	0	0	0	0	0	0	0	0	0	0	0	0	0	0	0	0	0	0	0	0	0	0	0	0	0	0	0	0	0	0	0	0	0	0	0	0	0	0	0	0	0	0	0	0	0	0	0	0	0	0	0	0	0	0	0	0	0	0	0	0					
17б	"Число открепительных удостоверений, не учтенных при получении"	0	0	0	0	0	0	0	0	0	0	0	0	0	0	0	0	0	0	0	0	0	0	0	0	0	0	0	0	0	0	0	0	0	0	0	0	0	0	0	0	0	0	0	0	0	0	0	0	0	0	0	0	0	0	0	0	0	0	0	0	0	0	0					
"Число голосов избирателей, поданных за каждый список"																																																																					
18	Богданов Андрей Владимирович	1088	22	10	5	13	22	13	23	10	12	15	41	29	19	12	32	12	6	6	13	2	11	31	13	11	18	11	13	25	29	31	15	18	20	20	17	15	19	15	2	18	6	18	9	9	7	63	9	90	40	6	9	16	21	20	24	15	17	0	26	1	6	7					
		1.61%	1.69%	1.49%	0.65%	1.37%	1.29%	0.81%	1.50%	2.28%	1.36%	1.26%	2.28%	2.04%	1.84%	0.86%	1.96%	1.07%	0.66%	0.89%	1.13%	0.38%	1.38%	2.85%	1.43%	2.59%	1.94%	1.61%	0.84%	1.69%	1.82%	2.08%	1.29%	1.13%	2.72%	1.19%	1.51%	1.10%	1.39%	1.83%	0.53%	1.87%	0.98%	2.04%	1.38%	0.93%	1.03%	2.88%	0.67%	6.57%	2.52%	0.99%	1.51%	1.18%	1.72%	2.51%	1.60%	1.10%	1.45%	0.00%	1.51%	0.60%	0.73%	0.78%					
19	Жириновский Владимир Вольфович	7663	179	56	104	127	196	142	179	66	108	143	221	192	130	145	194	98	109	80	134	80	114	158	131	44	103	72	163	170	162	149	121	140	76	150	131	137	186	83	65	119	99	105	84	98	68	225	79	189	179	68	67	149	129	97	195	134	123	27	179	15	100	97					
		11.34%	13.77%	8.35%	13.47%	13.37%	11.47%	8.86%	11.67%	15.03%	12.23%	11.97%	12.28%	13.48%	12.62%	10.33%	11.89%	8.76%	11.96%	11.89%	11.65%	15.01%	14.30%	14.51%	14.43%	10.35%	11.10%	10.53%	10.48%	11.50%	10.18%	9.99%	10.40%	8.75%	10.35%	8.94%	11.62%	10.04%	13.64%	10.11%	17.20%	12.37%	16.23%	11.92%	12.88%	10.10%	10.04%	10.28%	5.92%	13.80%	11.26%	11.20%	11.26%	11.00%	10.58%	12.16%	13.00%	9.84%	10.50%	13.17%	10.40%	9.04%	12.18%	10.85%					
20	Зюганов Геннадий Андреевич	14158	248	88	142	157	333	260	316	70	201	289	333	227	176	313	393	339	221	186	280	121	170	184	165	92	212	152	379	332	345	305	326	406	139	424	270	310	275	194	69	198	83	206	103	188	163	384	226	313	342	142	111	317	295	160	338	312	214	41	296	31	106	147					
		20.96%	19.08%	13.11%	18.39%	16.53%	19.49%	16.22%	20.60%	15.95%	22.76%	24.18%	18.51%	15.94%	17.09%	22.31%	24.08%	30.29%	24.26%	27.64%	24.35%	22.70%	21.33%	16.90%	18.17%	21.65%	22.84%	22.22%	24.37%	22.46%	21.67%	20.44%	28.01%	25.38%	18.94%	25.28%	23.96%	22.73%	20.16%	23.63%	18.25%	20.58%	13.61%	23.38%	15.80%	19.38%	24.08%	17.55%	16.93%	22.85%	21.52%	23.39%	18.66%	23.41%	24.20%	20.05%	22.53%	22.91%	18.27%	20.00%	17.20%	18.67%	12.91%	16.44%					
21	Медведев Дмитрий Анатольевич	43954	844	517	515	640	1135	1175	994	286	548	738	1190	955	691	920	992	654	564	391	714	327	496	716	589	275	587	445	978	929	1032	993	684	1020	489	1064	693	893	872	516	239	626	420	546	450	662	437	1482	1010	772	1018	385	402	856	761	517	937	890	794	133	1201	119	603	633					
		65.06%	64.92%	77.05%	66.71%	67.37%	66.41%	73.30%	64.80%	65.15%	62.06%	61.76%	66.15%	67.06%	67.09%	65.57%	60.78%	58.45%	61.91%	58.10%	62.09%	61.35%	62.23%	65.75%	64.87%	64.71%	63.25%	65.06%	62.89%	62.86%	64.82%	66.55%	58.76%	63.75%	66.62%	63.45%	61.49%	65.47%	63.93%	62.85%	63.23%	65.07%	68.85%	61.98%	69.02%	68.25%	64.55%	67.73%	75.66%	56.35%	64.07%	63.43%	67.56%	63.22%	62.43%	64.79%	62.47%	65.35%	67.81%	64.88%	69.79%	71.69%	73.45%	70.81%					
																																																																					
																																																																					
																																																																					
																																																																					
																																																																					
																																																																					
																																																																					
																																																																					
																																																																					
																																																																					
																																																																					
																																																																					
																																																																					
																																																																					
																																																																					
																																																																					
																																																																					
																																																																					
