Выборы Президента Российской Федерации																																																																									
Дата голосования: 04.03.2012																																																																									
																																																																									
Наименование Избирательной комиссии:    Александровская																																																																									
																																																																									
Сводная таблица итогов голосования																																																																									
																																																																									
	Число участковых избирательных комиссий	62																																																																							
	Число участковых избирательных комиссий, приступивших к передаче сведений	62																																																																							
																																																																									
		Сумма	УИК №1	УИК №2	УИК №3	УИК №4	УИК №5	УИК №6	УИК №7	УИК №8	УИК №9	УИК №10	УИК №11	УИК №12	УИК №13	УИК №14	УИК №15	УИК №16	УИК №17	УИК №18	УИК №19	УИК №20	УИК №21	УИК №22	УИК №23	УИК №24	УИК №25	УИК №26	УИК №27	УИК №28	УИК №29	УИК №30	УИК №31	УИК №32	УИК №33	УИК №34	УИК №35	УИК №36	УИК №37	УИК №38	УИК №39	УИК №40	УИК №41	УИК №42	УИК №43	УИК №44	УИК №45	УИК №46	УИК №47	УИК №48	УИК №49	УИК №50	УИК №51	УИК №52	УИК №53	УИК №54	УИК №55	УИК №56	УИК №57	УИК №58	УИК №59	УИК №60	УИК №61	УИК №62									
1	Число избирателей, включенных в список избирателей	93589	2290	1011	1151	965	2532	1022	2022	2034	2113	1731	2591	2389	2842	2515	2007	2224	1513	2320	2433	2540	2448	2383	2410	2752	2400	2362	2593	328	558	774	1178	196	645	373	420	383	221	655	599	486	282	515	836	453	418	705	343	274	709	1667	2427	1557	1517	2399	2462	2603	2499	2401	2525	2261	34	293									
2	Число избирательных бюллетеней, полученных участковой избирательной комиссией	89842	2213	954	1103	922	2437	975	1943	1941	2023	1663	2495	2295	2722	2423	1908	2139	1321	2217	2347	2449	2367	2292	2268	2613	2331	2205	2515	313	528	740	1115	196	609	346	400	360	213	656	582	475	271	497	838	439	407	686	330	239	642	1606	2367	1507	1468	2312	2392	2480	2404	2277	2410	2156	200	300									
3	Число избирательных бюллетеней, выданных избирателям, проголосовавшим досрочно	0	0	0	0	0	0	0	0	0	0	0	0	0	0	0	0	0	0	0	0	0	0	0	0	0	0	0	0	0	0	0	0	0	0	0	0	0	0	0	0	0	0	0	0	0	0	0	0	0	0	0	0	0	0	0	0	0	0	0	0	0	0	0									
4	Число избирательных бюллетеней, выданных в помещении для голосования в день голосования	41039	1152	479	520	443	1024	472	869	990	1043	850	1243	1259	1394	1225	939	1111	708	1233	1154	1243	1355	1136	977	1233	987	1064	1287	107	173	270	480	87	270	124	187	124	90	278	256	236	127	177	413	177	49	196	31	101	221	543	1069	601	528	899	1138	896	961	1024	885	871	34	26									
5	Число избирательных бюллетеней, выданных вне помещения для голосования в день голосования	3112	18	27	25	23	33	9	19	12	20	9	37	15	28	28	9	8	110	25	27	23	32	7	34	95	20	36	12	39	107	119	91	24	108	44	28	82	31	74	42	10	20	88	41	51	154	117	123	36	132	46	50	31	49	65	58	74	50	46	32	42	0	267									
6	Число погашенных избирательных бюллетеней	45691	1043	448	558	456	1380	494	1055	939	960	804	1215	1021	1300	1170	960	1020	503	959	1166	1183	980	1149	1257	1285	1324	1105	1216	167	248	351	544	85	231	178	185	154	92	304	284	229	124	232	384	211	204	373	176	102	289	1017	1248	875	891	1348	1196	1510	1393	1207	1493	1243	166	7									
7	Число избирательных бюллетеней в переносных ящиках для голосования	3112	18	27	25	23	33	9	19	12	20	9	37	15	28	28	9	8	110	25	27	23	32	7	34	95	20	36	12	39	107	119	91	24	108	44	28	82	31	74	42	10	20	88	41	51	154	117	123	36	132	46	50	31	49	65	58	74	50	46	32	42	0	267									
8	Число бюллетеней в стационарных ящиках для голосования	40976	1152	479	520	443	1023	472	869	990	1041	848	1241	1259	1394	1225	937	1110	708	1233	1154	1243	1355	1136	977	1233	987	1064	1286	107	173	270	480	87	270	124	187	124	90	278	256	236	127	177	413	177	49	196	31	101	221	543	1069	598	528	899	1138	896	961	977	884	871	34	25									
9	Число недействительных избирательных бюллетеней	816	20	10	12	10	24	8	13	11	22	20	19	29	19	27	23	26	12	24	24	26	28	17	23	37	16	27	25	5	3	4	4	3	5	0	6	2	2	4	6	3	1	0	4	2	1	1	1	3	6	8	16	4	12	20	29	29	23	20	18	14	0	5									
10	Число действительных избирательных бюллетеней	43272	1150	496	533	456	1032	473	875	991	1039	837	1259	1245	1403	1226	923	1092	806	1234	1157	1240	1359	1126	988	1291	991	1073	1273	141	277	385	567	108	373	168	209	204	119	348	292	243	146	265	450	226	202	312	153	134	347	581	1103	625	565	944	1167	941	988	1003	898	899	34	287									
11	Число полученных открепительных  удостоверений	1962	50	33	16	10	45	20	30	40	40	40	45	40	40	40	40	40	40	44	40	51	60	40	45	40	64	60	60	5	2	10	20	15	15	15	15	15	15	45	15	15	15	15	50	15	15	15	5	5	15	40	65	40	40	56	56	40	40	40	35	45	0	0									
12	Число открепительных удостоверений, выданных избирателям на избирательном участке	1583	44	19	16	6	42	15	25	25	28	38	43	35	29	40	19	40	23	44	36	46	52	33	41	33	55	51	60	4	2	7	16	14	9	0	3	1	4	39	12	13	8	10	50	13	9	14	5	1	5	23	65	34	40	53	51	26	32	17	25	40	0	0									
13	Число избирателей, проголосовавших по открепительным удостоверениям	842	11	22	8	3	7	16	9	17	10	13	16	14	9	13	18	21	71	23	15	13	22	10	11	21	9	15	18	5	10	8	21	4	13	11	6	8	1	13	2	7	1	5	12	3	2	6	2	21	31	7	2	5	6	22	13	26	18	27	15	36	34	4									
14	Число неиспользованных открепительных удостоверений	379	6	14	0	4	3	5	5	15	12	2	2	5	11	0	21	0	17	0	4	5	8	7	4	7	9	9	0	1	0	3	4	1	6	15	12	14	11	6	3	2	7	5	0	2	6	1	0	4	10	17	0	6	0	3	5	14	8	23	10	5	0	0									
15	Число открепительных удостоверений, выданных избирателям ТИК	49	0	0	1	0	0	0	4	1	1	0	0	4	0	0	6	1	3	1	4	0	4	1	3	2	1	2	1	0	0	0	0	0	0	0	0	0	0	1	0	0	0	0	0	0	0	0	0	0	0	0	0	1	0	0	1	2	3	0	1	0	0	0									
16	Число утраченных открепительных удостоверений	0	0	0	0	0	0	0	0	0	0	0	0	0	0	0	0	0	0	0	0	0	0	0	0	0	0	0	0	0	0	0	0	0	0	0	0	0	0	0	0	0	0	0	0	0	0	0	0	0	0	0	0	0	0	0	0	0	0	0	0	0	0	0									
17	Число утраченных избирательных бюллетеней	0	0	0	0	0	0	0	0	0	0	0	0	0	0	0	0	0	0	0	0	0	0	0	0	0	0	0	0	0	0	0	0	0	0	0	0	0	0	0	0	0	0	0	0	0	0	0	0	0	0	0	0	0	0	0	0	0	0	0	0	0	0	0									
18	Число избирательных бюллетеней, не учтенных при получении	0	0	0	0	0	0	0	0	0	0	0	0	0	0	0	0	0	0	0	0	0	0	0	0	0	0	0	0	0	0	0	0	0	0	0	0	0	0	0	0	0	0	0	0	0	0	0	0	0	0	0	0	0	0	0	0	0	0	0	0	0	0	0									
																																																																									
19	Жириновский Владимир Вольфович	3453	93	37	38	28	87	42	91	83	69	73	85	106	94	104	84	81	69	81	90	82	97	68	87	95	62	68	105	6	23	27	42	8	26	14	15	10	14	31	37	12	12	24	30	18	33	23	9	11	15	68	109	79	52	74	120	61	74	90	76	61	3	47									
		7.83%	7.95%	7.31%	6.97%	6.01%	8.24%	8.73%	10.25%	8.28%	6.50%	8.52%	6.65%	8.32%	6.61%	8.30%	8.88%	7.25%	8.44%	6.44%	7.62%	6.48%	6.99%	5.95%	8.61%	7.15%	6.16%	6.18%	8.09%	4.11%	8.21%	6.94%	7.36%	7.21%	6.88%	8.33%	6.98%	4.85%	11.57%	8.81%	12.42%	4.88%	8.16%	9.06%	6.61%	7.89%	16.26%	7.35%	5.84%	8.03%	4.25%	11.54%	9.74%	12.56%	9.01%	7.68%	10.03%	6.29%	7.32%	8.80%	8.30%	6.68%	8.82%	16.10%									
20	Зюганов Геннадий Андреевич	9658	306	105	149	101	244	103	208	237	245	152	295	316	365	300	204	280	191	372	301	284	356	275	230	276	272	285	319	25	49	65	76	12	54	30	38	53	24	68	66	35	23	47	86	38	37	49	26	14	69	90	175	109	119	202	241	131	215	222	169	181	6	43									
		21.91%	26.15%	20.75%	27.34%	21.67%	23.11%	21.41%	23.42%	23.65%	23.09%	17.74%	23.08%	24.80%	25.67%	23.94%	21.56%	25.04%	23.35%	29.57%	25.49%	22.43%	25.67%	24.06%	22.75%	20.78%	27.01%	25.91%	24.58%	17.12%	17.50%	16.71%	13.31%	10.81%	14.29%	17.86%	17.67%	25.73%	19.83%	19.32%	22.15%	14.23%	15.65%	17.74%	18.94%	16.67%	18.23%	15.65%	16.88%	10.22%	19.55%	15.28%	15.64%	17.33%	20.62%	20.95%	20.15%	13.51%	21.27%	21.70%	18.45%	19.82%	17.65%	14.73%									
21	Миронов Сергей Михайлович	2339	55	24	38	24	62	32	43	49	67	49	70	79	91	81	79	63	39	46	60	89	73	88	64	65	64	54	72	4	12	14	20	1	13	3	6	11	0	16	7	7	6	7	11	10	1	9	11	2	12	32	86	33	36	61	62	35	53	35	42	44	0	17									
		5.31%	4.70%	4.74%	6.97%	5.15%	5.87%	6.65%	4.84%	4.89%	6.31%	5.72%	5.48%	6.20%	6.40%	6.46%	8.35%	5.64%	4.77%	3.66%	5.08%	7.03%	5.26%	7.70%	6.33%	4.89%	6.36%	4.91%	5.55%	2.74%	4.29%	3.60%	3.50%	0.90%	3.44%	1.79%	2.79%	5.34%	0.00%	4.55%	2.35%	2.85%	4.08%	2.64%	2.42%	4.39%	0.49%	2.88%	7.14%	1.46%	3.40%	5.43%	7.69%	5.25%	6.24%	6.33%	5.18%	3.61%	5.24%	3.42%	4.59%	4.82%	0.00%	5.82%									
22	Прохоров Михаил Дмитриевич	3725	101	39	55	42	77	40	75	91	89	92	120	107	160	122	109	119	100	100	122	117	132	97	81	137	81	101	123	4	15	14	55	7	24	13	10	13	6	20	11	28	7	16	37	12	16	15	8	16	35	50	72	35	32	65	97	59	68	74	65	69	7	21									
		8.45%	8.63%	7.71%	10.09%	9.01%	7.29%	8.32%	8.45%	9.08%	8.39%	10.74%	9.39%	8.40%	11.25%	9.74%	11.52%	10.64%	12.22%	7.95%	10.33%	9.24%	9.52%	8.49%	8.01%	10.32%	8.04%	9.18%	9.48%	2.74%	5.36%	3.60%	9.63%	6.31%	6.35%	7.74%	4.65%	6.31%	4.96%	5.68%	3.69%	11.38%	4.76%	6.04%	8.15%	5.26%	7.88%	4.79%	5.19%	11.68%	9.92%	8.49%	6.43%	5.56%	5.55%	6.74%	8.11%	6.08%	6.73%	7.23%	7.10%	7.56%	20.59%	7.19%									
23	Путин Владимир Владимирович	24097	595	291	253	261	562	256	458	531	569	471	689	637	693	619	447	549	407	635	584	668	701	598	526	718	512	565	654	102	178	265	374	80	256	108	140	117	75	213	171	161	98	171	286	148	115	216	99	91	216	341	661	369	326	542	647	655	578	582	546	544	18	159									
		54.66%	50.85%	57.51%	46.42%	56.01%	53.22%	53.22%	51.58%	52.99%	53.63%	54.96%	53.91%	50.00%	48.73%	49.40%	47.25%	49.11%	49.76%	50.48%	49.45%	52.76%	50.54%	52.32%	52.03%	54.07%	50.84%	51.36%	50.39%	69.86%	63.57%	68.12%	65.50%	72.07%	67.72%	64.29%	65.12%	56.80%	61.98%	60.51%	57.38%	65.45%	66.67%	64.53%	62.99%	64.91%	56.65%	69.01%	64.29%	66.42%	61.19%	57.89%	59.07%	58.66%	56.50%	56.22%	54.10%	67.53%	57.17%	56.89%	59.61%	59.58%	52.94%	54.45%									
																																																																									
																																																																									
																																																																									
																																																																									
																																																																									
																																																																									
																																																																									
																																																																									
																																																																									
																																																																									
																																																																									
																																																																									
																																																																									
																																																																									
																																																																									
																																																																									
																																																																									
																																																																									
																																																																									
																																																																									
																																																																									
																																																																									
																																																																									
																																																																									
																																																																									
																																																																									
																																																																									
