Выборы Президента Российской Федерации																																																								
Дата голосования: 02.03.2008																																																								
																																																								
Наименование Избирательной комиссии:    Лысьвенская																																																								
																																																								
Сводная таблица результатов выборов																																																								
																																																								
	Число участковых избирательных комиссий	49																																																						
	"Число участковых избирательных комиссий, приступивших к передаче сведений"	49																																																						
																																																								
		Сумма	УИК №2001	УИК №2002	УИК №2003	УИК №2004	УИК №2005	УИК №2006	УИК №2007	УИК №2008	УИК №2009	УИК №2010	УИК №2011	УИК №2012	УИК №2013	УИК №2014	УИК №2015	УИК №2016	УИК №2017	УИК №2018	УИК №2019	УИК №2020	УИК №2021	УИК №2022	УИК №2023	УИК №2024	УИК №2025	УИК №2026	УИК №2027	УИК №2028	УИК №2029	УИК №2030	УИК №2031	УИК №2032	УИК №2033	УИК №2034	УИК №2035	УИК №2036	УИК №2037	УИК №2038	УИК №2039	УИК №2040	УИК №2041	УИК №2042	УИК №2043	УИК №2044	УИК №2045	УИК №2046	УИК №2047	УИК №2048	УИК №2049					
1	"Число избирателей, включенных в списки избирателей"	67023	1385	1499	1770	1117	1181	1201	1844	1091	1592	2391	1953	2617	2493	2548	1630	1896	2175	2634	1800	1844	2005	2127	1184	1256	2231	1683	1862	2903	2844	2527	459	570	736	220	441	369	668	534	216	1462	626	236	231	251	192	1082	480	427	540					
2	"Число избирательных бюллетеней, полученных участковыми избирательными комиссиями"	63610	1300	1400	1700	1050	1100	1100	1700	1050	1500	2200	1900	2500	2400	2400	1500	1800	2000	2500	1700	1700	1900	1950	1100	1150	2100	1550	1800	2700	2600	2400	420	530	700	190	410	350	640	500	210	1400	700	290	270	350	230	1050	500	500	620					
3	"Число избирательных бюллетеней, выданных избирателям, проголосовавшим досрочно"	74	0	0	0	0	0	0	0	0	0	0	0	0	0	0	0	0	0	0	0	0	0	0	0	0	0	0	0	0	0	0	0	0	0	0	0	0	0	49	0	0	0	0	0	0	0	0	0	0	25					
4	"Число избирательных бюллетеней, выданных в помещениях для голосования в день голосования"	32878	687	705	828	518	524	435	857	532	668	1130	957	1407	1351	1270	747	962	1263	1484	1049	940	1113	1162	559	592	910	897	978	1402	1266	1312	180	246	317	79	226	134	351	217	115	696	314	127	138	128	96	424	233	164	188					
5	"Число избирательных бюллетеней, выданных вне помещений для голосования в день голосования"	2728	48	56	50	29	28	67	34	21	36	52	32	52	46	46	48	45	32	38	27	81	49	44	35	31	83	27	49	43	189	41	121	112	59	54	31	54	72	82	43	67	69	28	45	56	10	123	72	105	66					
6	Число погашенных избирательных бюллетеней	27930	565	639	822	503	548	598	809	497	796	1018	911	1041	1003	1084	705	793	705	978	624	679	738	744	506	527	1107	626	773	1255	1145	1047	119	172	324	57	153	162	217	152	52	637	317	135	87	166	124	503	195	231	341					
7	Число избирательных бюллетеней в переносных ящиках для голосования	2802	48	56	50	29	28	67	34	21	36	52	32	52	46	46	48	45	32	38	27	81	49	44	35	31	83	27	49	43	189	41	121	112	59	54	31	54	72	131	43	67	69	28	45	56	10	123	72	105	91					
8	Число бюллетеней в стационарных ящиках для голосования	32812	687	705	778	518	524	435	856	532	668	1130	956	1407	1351	1270	746	962	1263	1484	1049	939	1113	1153	559	592	910	897	977	1402	1265	1311	180	246	317	79	226	134	351	217	115	696	314	127	138	128	96	424	233	164	188					
9	Число недействительных избирательных бюллетеней	478	7	13	13	3	6	4	12	6	6	19	8	14	14	24	8	11	21	27	16	16	18	22	5	7	20	15	10	19	32	25	8	2	6	1	5	1	3	6	1	7	5	1	4	0	1	3	2	0	1					
10	Число действительных избирательных бюллетеней	35136	728	748	815	544	546	498	878	547	698	1163	980	1445	1383	1292	786	996	1274	1495	1060	1004	1144	1175	589	616	973	909	1016	1426	1422	1327	293	356	370	132	252	187	420	342	157	756	378	154	179	184	105	544	303	269	278					
11	Число полученных открепительных  удостоверений	890	15	20	20	15	10	10	15	15	10	15	25	40	25	30	15	25	20	35	20	25	30	15	15	15	25	15	20	25	35	30	5	8	7	5	15	10	20	15	15	20	15	10	15	15	15	20	12	18	20					
12	"Число открепительных удостоверений, выданных избирателям на избирательных участках"	544	3	3	8	5	4	3	9	10	10	8	11	22	23	15	13	17	15	18	20	13	13	15	12	4	11	8	20	15	19	28	3	2	5	1	12	5	20	5	15	11	5	1	12	15	7	6	6	18	20					
13	"Число избирателей, проголосовавших по открепительным удостоверениям"	364	10	7	8	3	7	6	17	4	3	4	11	7	6	8	6	6	8	16	7	36	18	14	6	7	9	5	3	14	17	5	9	3	5	13	5	5	3	3	1	11	7	3	3	4	1	5	2	2	1					
14	Число неиспользованных открепительных удостоверений	346	12	17	12	10	6	7	6	5	0	7	14	18	2	15	2	8	5	17	0	12	17	0	3	11	14	7	0	10	16	2	2	6	2	4	3	5	0	10	0	9	10	9	3	0	8	14	6	0	0					
15	"Число открепительных удостоверений, выданных избирателям ТИК"	105	2	3	8	5	5	2	2	1	2	2	2	4	1	4	6	2	1	5	5	1	5	2	0	1	4	3	2	4	5	3	0	4	2	0	1	0	0	0	0	4	0	0	1	0	0	0	1	0	0					
16	Число утраченных избирательных бюллетеней	0	0	0	0	0	0	0	0	0	0	0	0	0	0	0	0	0	0	0	0	0	0	0	0	0	0	0	0	0	0	0	0	0	0	0	0	0	0	0	0	0	0	0	0	0	0	0	0	0	0					
17	"Число избирательных бюллетеней, не учтенных при получении"	0	0	0	0	0	0	0	0	0	0	0	0	0	0	0	0	0	0	0	0	0	0	0	0	0	0	0	0	0	0	0	0	0	0	0	0	0	0	0	0	0	0	0	0	0	0	0	0	0	0					
17а	Число утраченных открепительных удостоверений	0	0	0	0	0	0	0	0	0	0	0	0	0	0	0	0	0	0	0	0	0	0	0	0	0	0	0	0	0	0	0	0	0	0	0	0	0	0	0	0	0	0	0	0	0	0	0	0	0	0					
17б	"Число открепительных удостоверений, не учтенных при получении"	0	0	0	0	0	0	0	0	0	0	0	0	0	0	0	0	0	0	0	0	0	0	0	0	0	0	0	0	0	0	0	0	0	0	0	0	0	0	0	0	0	0	0	0	0	0	0	0	0	0					
"Число голосов избирателей, поданных за каждый список"																																																								
18	Богданов Андрей Владимирович	388	6	3	6	11	1	1	8	7	13	12	16	12	13	14	7	8	17	22	11	11	17	13	7	7	9	11	7	20	15	12	14	4	3	1	5	1	5	5	4	9	3	3	0	0	2	2	5	4	1					
		1.09%	0.82%	0.39%	0.72%	2.01%	0.18%	0.20%	0.90%	1.27%	1.85%	1.02%	1.62%	0.82%	0.93%	1.06%	0.88%	0.79%	1.31%	1.45%	1.02%	1.08%	1.46%	1.09%	1.18%	1.12%	0.91%	1.19%	0.68%	1.38%	1.03%	0.89%	4.65%	1.12%	0.80%	0.75%	1.95%	0.53%	1.18%	1.44%	2.53%	1.18%	0.78%	1.94%	0.00%	0.00%	1.89%	0.37%	1.64%	1.49%	0.36%					
19	Жириновский Владимир Вольфович	5201	129	120	128	87	113	69	125	84	104	188	145	195	189	160	155	142	161	224	153	159	145	156	82	111	157	126	160	252	207	226	49	44	74	24	26	30	21	22	16	110	52	13	22	23	14	60	60	46	43					
		14.60%	17.55%	15.77%	15.46%	15.90%	20.47%	13.75%	14.04%	15.19%	14.77%	15.91%	14.68%	13.37%	13.53%	12.16%	19.52%	14.10%	12.43%	14.72%	14.22%	15.59%	12.48%	13.03%	13.80%	17.82%	15.81%	13.64%	15.59%	17.44%	14.24%	16.72%	16.28%	12.29%	19.68%	18.05%	10.12%	15.96%	4.96%	6.32%	10.13%	14.42%	13.58%	8.39%	12.02%	12.50%	13.21%	10.97%	19.67%	17.10%	15.41%					
20	Зюганов Геннадий Андреевич	4885	74	101	104	55	45	49	99	69	74	139	139	222	175	174	96	136	213	232	174	177	187	235	81	58	169	145	138	177	206	185	19	41	41	14	28	28	83	92	44	103	53	30	31	13	13	59	18	23	24					
		13.72%	10.07%	13.27%	12.56%	10.05%	8.15%	9.76%	11.12%	12.48%	10.51%	11.76%	14.07%	15.22%	12.53%	13.22%	12.09%	13.51%	16.45%	15.24%	16.17%	17.35%	16.09%	19.63%	13.64%	9.31%	17.02%	15.69%	13.45%	12.25%	14.17%	13.68%	6.31%	11.45%	10.90%	10.53%	10.89%	14.89%	19.62%	26.44%	27.85%	13.50%	13.84%	19.35%	16.94%	7.07%	12.26%	10.79%	5.90%	8.55%	8.60%					
21	Медведев Дмитрий Анатольевич	24662	519	524	577	391	387	379	646	387	507	824	680	1016	1006	944	528	710	883	1017	722	657	795	771	419	440	638	627	711	977	994	904	211	267	252	93	193	128	311	223	93	534	270	108	126	148	76	423	220	196	210					
		69.25%	70.61%	68.86%	69.69%	71.48%	70.11%	75.50%	72.58%	69.98%	72.02%	69.71%	68.83%	69.64%	72.01%	71.73%	66.50%	70.51%	68.19%	66.82%	67.10%	64.41%	68.42%	64.41%	70.54%	70.63%	64.25%	67.86%	69.30%	67.61%	68.36%	66.86%	70.10%	74.58%	67.02%	69.92%	75.10%	68.09%	73.52%	64.08%	58.86%	69.99%	70.50%	69.68%	68.85%	80.43%	71.70%	77.33%	72.13%	72.86%	75.27%					
																																																								
																																																								
																																																								
																																																								
																																																								
																																																								
																																																								
																																																								
																																																								
																																																								
																																																								
																																																								
																																																								
																																																								
																																																								
																																																								
																																																								
																																																								
