Выборы Президента Российской Федерации																																																																											
Дата голосования: 02.03.2008																																																																											
																																																																											
Наименование Избирательной комиссии:    Павловская																																																																											
																																																																											
Сводная таблица результатов выборов																																																																											
																																																																											
	Число участковых избирательных комиссий	68																																																																									
	"Число участковых избирательных комиссий, приступивших к передаче сведений"	68																																																																									
																																																																											
		Сумма	УИК №1841	УИК №1842	УИК №1843	УИК №1844	УИК №1845	УИК №1846	УИК №1847	УИК №1848	УИК №1849	УИК №1850	УИК №1851	УИК №1852	УИК №1853	УИК №1854	УИК №1855	УИК №1856	УИК №1857	УИК №1858	УИК №1859	УИК №1860	УИК №1861	УИК №1862	УИК №1863	УИК №1864	УИК №1865	УИК №1866	УИК №1867	УИК №1868	УИК №1869	УИК №1870	УИК №1871	УИК №1872	УИК №1873	УИК №1874	УИК №1875	УИК №1876	УИК №1877	УИК №1878	УИК №1879	УИК №1880	УИК №1881	УИК №1882	УИК №1883	УИК №1884	УИК №1885	УИК №1886	УИК №1887	УИК №1888	УИК №1889	УИК №1890	УИК №1891	УИК №1892	УИК №1893	УИК №1894	УИК №1895	УИК №1896	УИК №1897	УИК №1898	УИК №1899	УИК №1900	УИК №1901	УИК №1902	УИК №1903	УИК №1904	УИК №1905	УИК №1906	УИК №1907	УИК №1908					
1	"Число избирателей, включенных в списки избирателей"	82113	1484	1812	1496	2106	2126	1998	1840	1917	1003	2622	2238	1773	1754	1167	1256	1118	2271	1702	1775	1799	2048	2088	1803	1869	2344	1065	1540	513	1454	1313	1373	1416	1384	1618	1309	988	807	117	2653	1459	1458	283	481	172	139	1218	457	467	150	192	237	1194	101	1053	159	747	1477	1327	604	113	1406	1306	559	70	284	183	318	1540					
2	"Число избирательных бюллетеней, полученных участковыми избирательными комиссиями"	77585	1400	1750	1400	1900	2000	1950	1750	1800	900	2450	2150	1700	1550	1050	1150	1050	2200	1600	1700	1700	2000	2000	1650	1750	2250	1000	1450	500	1350	1200	1300	1300	1300	1500	1250	950	800	100	2500	1300	1350	280	485	160	140	1150	450	450	140	185	235	1150	110	1000	160	760	1400	1300	600	110	1350	1250	550	65	280	190	285	1400					
3	"Число избирательных бюллетеней, выданных избирателям, проголосовавшим досрочно"	0	0	0	0	0	0	0	0	0	0	0	0	0	0	0	0	0	0	0	0	0	0	0	0	0	0	0	0	0	0	0	0	0	0	0	0	0	0	0	0	0	0	0	0	0	0	0	0	0	0	0	0	0	0	0	0	0	0	0	0	0	0	0	0	0	0	0	0	0					
4	"Число избирательных бюллетеней, выданных в помещениях для голосования в день голосования"	48803	1026	1301	1075	1424	1441	1271	1129	1213	575	1546	1274	1074	1049	664	806	652	1311	1041	1086	1157	1306	1309	1198	1115	1316	634	971	146	648	625	664	681	660	997	675	694	591	69	1504	732	826	127	205	98	118	688	277	191	86	104	81	737	87	668	100	425	811	851	344	94	855	600	253	52	170	130	119	1056					
5	"Число избирательных бюллетеней, выданных вне помещений для голосования в день голосования"	4711	64	17	26	37	108	61	45	45	47	87	24	36	33	31	38	46	62	38	37	35	29	34	19	37	89	23	57	333	86	40	34	115	119	5	76	62	57	27	175	118	65	45	88	41	14	181	72	161	31	36	97	108	9	69	32	137	156	38	67	0	69	282	178	10	43	25	142	63					
6	Число погашенных избирательных бюллетеней	24071	310	432	299	439	451	618	576	542	278	817	852	590	468	355	306	352	827	521	577	508	665	657	433	598	845	343	422	21	616	535	602	504	521	498	499	194	152	4	821	450	459	108	192	21	8	281	101	98	23	45	57	305	14	263	28	198	433	411	189	16	426	368	119	3	67	35	24	281					
7	Число избирательных бюллетеней в переносных ящиках для голосования	4711	64	17	26	37	108	61	45	45	47	87	24	36	33	31	38	46	62	38	37	35	29	34	19	37	89	23	57	333	86	40	34	115	119	5	76	62	57	27	175	118	65	45	88	41	14	181	72	161	31	36	97	108	9	69	32	137	156	38	67	0	69	282	178	10	43	25	142	63					
8	Число бюллетеней в стационарных ящиках для голосования	48784	1026	1301	1064	1424	1441	1271	1129	1213	575	1546	1274	1074	1049	664	806	652	1311	1039	1086	1157	1306	1307	1198	1115	1316	634	970	146	648	625	664	681	660	997	675	694	591	69	1504	731	826	127	205	98	118	688	277	191	86	104	81	737	87	668	100	425	809	851	344	94	855	600	253	52	170	130	119	1056					
9	Число недействительных избирательных бюллетеней	692	10	8	19	58	23	16	13	12	9	31	12	8	22	9	16	6	19	19	14	19	16	17	14	15	31	9	6	3	3	5	4	3	4	6	4	11	11	4	28	15	3	3	1	3	4	8	4	1	1	0	0	12	0	9	6	1	14	9	5	11	12	3	4	0	3	4	1	18					
10	Число действительных избирательных бюллетеней	52803	1080	1310	1071	1403	1526	1316	1161	1246	613	1602	1286	1102	1060	686	828	692	1354	1058	1109	1173	1319	1324	1203	1137	1374	648	1021	476	731	660	694	793	775	996	747	745	637	92	1651	834	888	169	292	136	128	861	345	351	116	140	178	833	96	728	126	561	951	880	406	83	912	879	427	62	210	151	260	1101					
11	Число полученных открепительных  удостоверений	693	20	10	14	23	13	22	17	10	10	16	12	12	10	10	10	15	13	13	10	10	15	10	10	10	13	10	10	0	17	10	8	9	12	16	9	12	30	0	29	17	10	5	6	3	0	20	5	10	3	3	3	10	0	8	2	5	5	15	5	5	10	10	10	2	5	6	5	5					
12	"Число открепительных удостоверений, выданных избирателям на избирательных участках"	533	12	10	13	16	13	20	16	8	5	16	11	10	10	9	5	14	13	10	7	8	10	8	6	7	9	3	9	0	15	10	8	6	10	16	5	12	30	0	28	14	7	2	2	3	0	16	2	8	0	0	1	9	0	7	0	3	4	6	1	0	7	7	4	0	2	6	1	3					
13	"Число избирателей, проголосовавших по открепительным удостоверениям"	463	11	15	19	16	7	23	5	6	4	8	24	9	5	7	8	4	3	10	12	16	3	5	4	7	7	7	2	5	4	3	8	0	11	4	3	14	2	0	36	3	10	2	2	11	2	7	3	2	2	4	2	3	7	5	1	2	4	10	1	2	4	5	4	3	2	0	11	12					
14	Число неиспользованных открепительных удостоверений	160	8	0	1	7	0	2	1	2	5	0	1	2	0	1	5	1	0	3	3	2	5	2	4	3	4	7	1	0	2	0	0	3	2	0	4	0	0	0	1	3	3	3	4	0	0	4	3	2	3	3	2	1	0	1	2	2	1	9	4	5	3	3	6	2	3	0	4	2					
15	"Число открепительных удостоверений, выданных избирателям ТИК"	7	0	0	0	0	1	1	0	0	0	0	0	0	0	0	1	0	1	0	0	0	0	0	2	0	1	0	0	0	0	0	0	0	0	0	0	0	0	0	0	0	0	0	0	0	0	0	0	0	0	0	0	0	0	0	0	0	0	0	0	0	0	0	0	0	0	0	0	0					
16	Число утраченных избирательных бюллетеней	0	0	0	0	0	0	0	0	0	0	0	0	0	0	0	0	0	0	0	0	0	0	0	0	0	0	0	0	0	0	0	0	0	0	0	0	0	0	0	0	0	0	0	0	0	0	0	0	0	0	0	0	0	0	0	0	0	0	0	0	0	0	0	0	0	0	0	0	0					
17	"Число избирательных бюллетеней, не учтенных при получении"	0	0	0	0	0	0	0	0	0	0	0	0	0	0	0	0	0	0	0	0	0	0	0	0	0	0	0	0	0	0	0	0	0	0	0	0	0	0	0	0	0	0	0	0	0	0	0	0	0	0	0	0	0	0	0	0	0	0	0	0	0	0	0	0	0	0	0	0	0					
17а	Число утраченных открепительных удостоверений	0	0	0	0	0	0	0	0	0	0	0	0	0	0	0	0	0	0	0	0	0	0	0	0	0	0	0	0	0	0	0	0	0	0	0	0	0	0	0	0	0	0	0	0	0	0	0	0	0	0	0	0	0	0	0	0	0	0	0	0	0	0	0	0	0	0	0	0	0					
17б	"Число открепительных удостоверений, не учтенных при получении"	0	0	0	0	0	0	0	0	0	0	0	0	0	0	0	0	0	0	0	0	0	0	0	0	0	0	0	0	0	0	0	0	0	0	0	0	0	0	0	0	0	0	0	0	0	0	0	0	0	0	0	0	0	0	0	0	0	0	0	0	0	0	0	0	0	0	0	0	0					
"Число голосов избирателей, поданных за каждый список"																																																																											
18	Богданов Андрей Владимирович	847	22	20	22	33	25	22	25	24	13	23	19	14	10	15	23	12	27	29	23	19	28	24	20	18	23	11	18	4	5	7	6	12	11	8	13	12	13	3	22	8	11	5	5	3	1	9	4	7	2	2	3	4	2	10	2	4	13	8	2	0	19	7	5	1	2	1	5	24					
		1.58%	2.02%	1.52%	2.02%	2.26%	1.61%	1.65%	2.13%	1.91%	2.09%	1.41%	1.46%	1.26%	0.92%	2.16%	2.73%	1.72%	1.97%	2.69%	2.05%	1.59%	2.10%	1.79%	1.64%	1.56%	1.64%	1.67%	1.75%	0.84%	0.68%	1.05%	0.86%	1.51%	1.41%	0.80%	1.73%	1.59%	2.01%	3.13%	1.31%	0.94%	1.23%	2.91%	1.71%	2.16%	0.76%	1.04%	1.15%	1.99%	1.71%	1.43%	1.69%	0.47%	2.08%	1.36%	1.52%	0.71%	1.35%	0.90%	0.49%	0.00%	2.06%	0.79%	1.16%	1.61%	0.94%	0.65%	1.92%	2.14%					
19	Жириновский Владимир Вольфович	6843	153	197	197	185	191	178	130	135	89	236	163	188	162	103	98	74	172	151	124	178	230	199	197	158	152	87	116	64	85	79	75	95	78	136	85	85	75	10	175	97	82	20	31	17	11	101	45	35	12	20	19	89	5	97	10	77	103	81	38	4	146	93	52	14	35	18	28	178					
		12.79%	14.04%	14.95%	18.07%	12.66%	12.33%	13.36%	11.07%	10.73%	14.31%	14.45%	12.56%	16.94%	14.97%	14.82%	11.61%	10.60%	12.53%	14.02%	11.04%	14.93%	17.23%	14.84%	16.19%	13.72%	10.82%	13.24%	11.30%	13.36%	11.58%	11.88%	10.74%	11.93%	10.01%	13.57%	11.32%	11.24%	11.57%	10.42%	10.42%	11.43%	9.20%	11.63%	10.58%	12.23%	8.33%	11.62%	12.89%	9.94%	10.26%	14.29%	10.67%	10.53%	5.21%	13.16%	7.58%	13.70%	10.67%	9.11%	9.25%	4.26%	15.80%	10.54%	12.06%	22.58%	16.43%	11.61%	10.73%	15.91%					
20	Зюганов Геннадий Андреевич	13461	255	356	222	395	423	379	399	396	126	417	381	290	252	163	231	186	430	288	356	340	357	307	282	262	399	191	263	116	198	161	190	200	211	202	186	188	144	22	451	196	265	49	66	41	32	161	101	65	18	26	39	149	21	110	29	134	189	248	92	39	159	155	90	15	40	31	31	255					
		25.16%	23.39%	27.01%	20.37%	27.04%	27.31%	28.45%	33.99%	31.48%	20.26%	25.54%	29.35%	26.13%	23.29%	23.45%	27.37%	26.65%	31.32%	26.74%	31.70%	28.52%	26.74%	22.89%	23.17%	22.74%	28.40%	29.07%	25.61%	24.22%	26.98%	24.21%	27.22%	25.13%	27.09%	20.16%	24.77%	24.87%	22.22%	22.92%	26.86%	23.09%	29.74%	28.49%	22.53%	29.50%	24.24%	18.53%	28.94%	18.47%	15.38%	18.57%	21.91%	17.63%	21.88%	14.93%	21.97%	23.84%	19.59%	27.90%	22.38%	41.49%	17.21%	17.57%	20.88%	24.19%	18.78%	20.00%	11.88%	22.79%					
21	Медведев Дмитрий Анатольевич	31652	650	737	630	790	887	737	607	691	385	926	723	610	636	405	476	420	725	590	606	636	704	794	704	699	800	359	624	292	443	413	423	486	475	650	463	460	405	57	1003	533	530	95	190	75	84	590	195	244	84	92	117	591	68	511	85	346	646	543	274	40	588	624	280	32	133	101	196	644					
		59.17%	59.63%	55.92%	57.80%	54.07%	57.26%	55.33%	51.70%	54.93%	61.90%	56.71%	55.70%	54.95%	58.78%	58.27%	56.40%	60.17%	52.80%	54.78%	53.96%	53.36%	52.73%	59.21%	57.85%	60.68%	56.94%	54.64%	60.76%	60.96%	60.35%	62.11%	60.60%	61.06%	60.98%	64.87%	61.65%	60.85%	62.50%	59.38%	59.74%	62.78%	59.48%	55.23%	64.85%	53.96%	63.64%	67.89%	55.87%	69.32%	71.79%	65.71%	65.73%	69.94%	70.83%	69.34%	64.39%	61.57%	66.94%	61.08%	66.67%	42.55%	63.64%	70.75%	64.97%	51.61%	62.44%	65.16%	75.10%	57.55%					
																																																																											
																																																																											
																																																																											
																																																																											
																																																																											
																																																																											
																																																																											
																																																																											
																																																																											
																																																																											
																																																																											
																																																																											
																																																																											
																																																																											
																																																																											
																																																																											
																																																																											
																																																																											
