Выборы Президента Российской Федерации																																																																					
Дата голосования: 04.03.2012																																																																					
																																																																					
Наименование Избирательной комиссии:    Екатеринбург, Октябрьская 																																																																					
																																																																					
Сводная таблица итогов голосования																																																																					
																																																																					
	Число участковых избирательных комиссий	58																																																																			
	Число участковых избирательных комиссий, приступивших к передаче сведений	58																																																																			
																																																																					
		Сумма	УИК №149	УИК №1542	УИК №1543	УИК №1544	УИК №1545	УИК №1546	УИК №1547	УИК №1548	УИК №1549	УИК №1550	УИК №1551	УИК №1552	УИК №1553	УИК №1554	УИК №1555	УИК №1556	УИК №1557	УИК №1558	УИК №1559	УИК №1560	УИК №1561	УИК №1562	УИК №1563	УИК №1564	УИК №1565	УИК №1566	УИК №1567	УИК №1568	УИК №1569	УИК №1570	УИК №1571	УИК №1572	УИК №1573	УИК №1574	УИК №1575	УИК №1576	УИК №1577	УИК №1578	УИК №1579	УИК №1580	УИК №1581	УИК №1582	УИК №1583	УИК №1584	УИК №1585	УИК №1586	УИК №1587	УИК №1588	УИК №1589	УИК №1590	УИК №1591	УИК №1592	УИК №1593	УИК №1594	УИК №1595	УИК №1697	УИК №1698	УИК №1952									
1	Число избирателей, включенных в список избирателей	116176	1573	2168	1486	1879	1730	2219	1682	2142	1963	1909	2032	1967	1838	1894	2245	2161	2350	2109	2802	2608	2536	2696	1718	1776	1637	2198	2232	2612	2629	2617	2344	2258	1750	2182	3000	1901	2750	2334	2333	1940	2051	2543	2128	2326	2127	2525	2360	1715	2184	2352	2142	340	346	146	1643	1748	370	930									
2	Число избирательных бюллетеней, полученных участковой избирательной комиссией	102300	1400	1600	1300	1600	1400	2000	1400	1800	1700	1700	1700	1700	1500	1600	2000	1800	2000	1900	2300	2300	2300	2400	1500	1500	1500	1800	2000	2400	2500	2400	2000	2000	1500	2000	2800	1600	2500	1900	2000	1700	1800	2300	1900	2000	1800	2300	1900	1500	2000	1800	1900	600	600	200	1500	1500	1000	700									
3	Число избирательных бюллетеней, выданных избирателям, проголосовавшим досрочно	0	0	0	0	0	0	0	0	0	0	0	0	0	0	0	0	0	0	0	0	0	0	0	0	0	0	0	0	0	0	0	0	0	0	0	0	0	0	0	0	0	0	0	0	0	0	0	0	0	0	0	0	0	0	0	0	0	0	0									
4	Число избирательных бюллетеней, выданных в помещении для голосования в день голосования	67741	917	1228	743	1252	1068	1200	999	1360	1166	1261	1348	1282	1098	1175	1391	1449	1273	1327	1644	1645	1547	1632	1060	942	908	1274	1229	1512	1541	1547	1298	1375	972	1319	1369	939	1540	1239	1309	1183	1152	1508	1204	1376	1187	1319	1269	808	1202	1409	1093	327	254	60	1015	1049	370	578									
5	Число избирательных бюллетеней, выданных вне помещения для голосования в день голосования	1273	17	16	8	28	31	19	25	30	30	17	32	13	20	11	26	33	22	13	28	13	17	10	11	11	2	28	39	28	17	22	18	11	8	13	2	32	16	23	15	5	10	23	35	21	28	31	30	54	20	36	28	0	88	59	16	12	0	22									
6	Число погашенных избирательных бюллетеней	33286	466	356	549	320	301	781	376	410	504	422	320	405	382	414	583	318	705	560	628	642	736	758	429	547	590	498	732	860	942	831	684	614	520	668	1429	629	944	638	676	512	638	769	661	603	585	950	601	638	778	355	779	273	258	81	469	439	630	100									
7	Число избирательных бюллетеней в переносных ящиках для голосования	1273	17	16	8	28	31	19	25	30	30	17	32	13	20	11	26	33	22	13	28	13	17	10	11	11	2	28	39	28	17	22	18	11	8	13	2	32	16	23	15	5	10	23	35	21	28	31	30	54	20	36	28	0	88	59	16	12	0	22									
8	Число бюллетеней в стационарных ящиках для голосования	67701	917	1228	743	1251	1068	1200	999	1360	1166	1260	1345	1282	1097	1175	1387	1428	1273	1326	1643	1643	1547	1631	1060	942	908	1274	1228	1512	1541	1547	1298	1372	972	1319	1369	939	1540	1239	1309	1183	1152	1508	1204	1376	1187	1319	1269	808	1202	1409	1093	327	254	60	1015	1049	370	578									
9	Число недействительных избирательных бюллетеней	996	10	13	17	18	9	12	16	17	15	10	13	17	15	7	16	21	47	28	17	21	24	19	10	23	9	15	13	28	21	19	29	16	10	9	6	13	16	21	23	10	7	15	14	18	15	23	17	58	11	9	88	1	11	2	17	12	2	3									
10	Число действительных избирательных бюллетеней	67978	924	1231	734	1261	1090	1207	1008	1373	1181	1267	1364	1278	1102	1179	1397	1440	1248	1311	1654	1635	1540	1622	1061	930	901	1287	1254	1512	1537	1550	1287	1367	970	1323	1365	958	1540	1241	1301	1178	1155	1516	1225	1379	1200	1327	1282	804	1211	1436	1033	326	331	117	1014	1049	368	597									
11	Число полученных открепительных  удостоверений	2935	40	40	40	60	40	45	60	50	40	50	50	50	60	60	50	60	50	70	70	50	70	70	60	50	90	60	60	60	50	60	60	40	40	40	120	40	50	40	40	60	60	60	40	60	40	50	40	50	70	80	40	0	0	0	50	40	20	40									
12	Число открепительных удостоверений, выданных избирателям на избирательном участке	2230	30	30	28	54	23	41	35	42	30	42	30	40	49	41	40	38	38	46	61	39	43	56	53	43	67	52	42	51	42	43	54	34	20	32	88	31	44	23	31	48	50	43	33	55	35	50	15	39	49	61	29	0	0	0	43	33	1	20									
13	Число избирателей, проголосовавших по открепительным удостоверениям	2561	29	21	20	37	80	66	36	26	28	37	49	48	22	43	50	45	56	25	31	66	25	45	35	30	32	36	90	44	31	34	60	31	12	30	46	23	38	112	46	33	32	28	30	32	31	30	47	18	37	39	21	85	83	60	17	31	275	17									
14	Число неиспользованных открепительных удостоверений	705	10	10	12	6	17	4	25	8	10	8	20	10	11	19	10	22	12	24	9	11	27	14	7	7	23	8	18	9	8	17	6	6	20	8	32	9	6	17	9	12	10	17	7	5	5	0	25	11	21	19	11	0	0	0	7	7	19	20									
15	Число открепительных удостоверений, выданных избирателям ТИК	46	0	2	0	0	1	1	0	0	2	0	2	2	0	1	2	0	1	1	3	1	2	0	1	0	2	0	1	0	0	1	0	0	0	1	0	1	2	0	0	1	1	1	0	1	1	2	1	1	0	2	2	0	0	0	0	2	0	1									
16	Число утраченных открепительных удостоверений	0	0	0	0	0	0	0	0	0	0	0	0	0	0	0	0	0	0	0	0	0	0	0	0	0	0	0	0	0	0	0	0	0	0	0	0	0	0	0	0	0	0	0	0	0	0	0	0	0	0	0	0	0	0	0	0	0	0	0									
17	Число утраченных избирательных бюллетеней	0	0	0	0	0	0	0	0	0	0	0	0	0	0	0	0	0	0	0	0	0	0	0	0	0	0	0	0	0	0	0	0	0	0	0	0	0	0	0	0	0	0	0	0	0	0	0	0	0	0	0	0	0	0	0	0	0	0	0									
18	Число избирательных бюллетеней, не учтенных при получении	0	0	0	0	0	0	0	0	0	0	0	0	0	0	0	0	0	0	0	0	0	0	0	0	0	0	0	0	0	0	0	0	0	0	0	0	0	0	0	0	0	0	0	0	0	0	0	0	0	0	0	0	0	0	0	0	0	0	0									
																																																																					
19	Жириновский Владимир Вольфович	2957	40	63	48	31	31	39	29	48	35	49	49	30	27	44	50	55	60	47	53	47	47	67	47	33	39	57	50	63	63	69	61	68	47	66	91	55	77	65	61	54	67	78	65	64	71	71	63	34	65	103	52	9	40	3	37	54	15	11									
		4.29%	4.28%	5.06%	6.39%	2.42%	2.82%	3.20%	2.83%	3.45%	2.93%	3.84%	3.56%	2.32%	2.42%	3.71%	3.54%	3.76%	4.63%	3.51%	3.17%	2.84%	3.01%	4.08%	4.39%	3.46%	4.29%	4.38%	3.95%	4.09%	4.04%	4.40%	4.64%	4.92%	4.80%	4.95%	6.64%	5.66%	4.95%	5.15%	4.61%	4.55%	5.77%	5.09%	5.25%	4.58%	5.84%	5.26%	4.85%	3.94%	5.32%	7.13%	4.64%	2.75%	11.70%	2.52%	3.59%	5.09%	4.05%	1.83%									
20	Зюганов Геннадий Андреевич	8885	141	154	87	166	128	143	143	169	159	168	205	165	105	142	158	174	189	177	208	211	223	187	161	137	102	141	140	212	218	192	148	158	125	195	159	108	195	144	207	174	145	182	160	215	210	200	170	117	163	179	164	33	34	2	155	141	41	56									
		12.88%	15.10%	12.38%	11.58%	12.98%	11.65%	11.73%	13.96%	12.16%	13.29%	13.16%	14.89%	12.74%	9.40%	11.97%	11.18%	11.91%	14.59%	13.22%	12.45%	12.74%	14.26%	11.40%	15.03%	14.38%	11.21%	10.83%	11.05%	13.77%	13.99%	12.24%	11.25%	11.42%	12.76%	14.64%	11.60%	11.12%	12.53%	11.41%	15.63%	14.65%	12.48%	11.89%	12.91%	15.39%	17.28%	14.81%	13.09%	13.57%	13.34%	12.39%	14.63%	10.09%	9.94%	1.68%	15.03%	13.29%	11.08%	9.33%									
21	Миронов Сергей Михайлович	4418	50	72	30	67	83	86	86	107	108	100	107	80	48	93	126	110	81	104	98	130	109	100	67	65	45	87	100	102	104	109	102	89	66	98	67	67	93	57	60	80	62	83	83	82	54	51	53	42	106	85	71	12	14	4	67	69	17	30									
		6.41%	5.35%	5.79%	3.99%	5.24%	7.55%	7.05%	8.40%	7.70%	9.03%	7.83%	7.77%	6.18%	4.30%	7.84%	8.92%	7.53%	6.25%	7.77%	5.86%	7.85%	6.97%	6.09%	6.26%	6.82%	4.95%	6.68%	7.89%	6.62%	6.68%	6.95%	7.75%	6.44%	6.73%	7.36%	4.89%	6.90%	5.98%	4.52%	4.53%	6.73%	5.34%	5.42%	6.70%	5.87%	4.44%	3.78%	4.08%	4.87%	8.67%	5.88%	6.33%	3.67%	4.09%	3.36%	6.50%	6.50%	4.59%	5.00%									
22	Прохоров Михаил Дмитриевич	13436	168	262	91	357	297	330	227	370	259	334	335	422	474	265	322	335	248	286	501	369	318	347	181	159	175	250	245	275	244	299	184	290	145	282	279	146	213	132	174	184	143	270	159	224	144	137	236	83	208	194	153	36	16	10	136	232	61	220									
		19.48%	17.99%	21.06%	12.12%	27.91%	27.02%	27.07%	22.17%	26.62%	21.66%	26.16%	24.33%	32.59%	42.44%	22.34%	22.79%	22.93%	19.15%	21.36%	29.98%	22.28%	20.33%	21.15%	16.90%	16.68%	19.23%	19.20%	19.34%	17.86%	15.66%	19.06%	13.98%	20.97%	14.80%	21.17%	20.35%	15.04%	13.69%	10.46%	13.14%	15.49%	12.31%	17.64%	12.83%	16.03%	11.85%	10.15%	18.17%	9.63%	17.02%	13.43%	13.65%	11.01%	4.68%	8.40%	13.19%	21.87%	16.49%	36.67%									
23	Путин Владимир Владимирович	38282	525	680	478	640	551	609	523	679	620	616	668	581	448	635	741	766	670	697	794	878	843	921	605	536	540	752	719	860	908	881	792	762	587	682	769	582	962	843	799	686	738	903	758	794	721	868	760	528	669	875	593	236	227	98	619	553	234	280									
		55.50%	56.21%	54.66%	63.65%	50.04%	50.14%	49.96%	51.07%	48.85%	51.84%	48.24%	48.51%	44.86%	40.11%	53.54%	52.44%	52.43%	51.74%	52.05%	47.52%	53.02%	53.90%	56.12%	56.49%	56.24%	59.34%	57.76%	56.75%	55.84%	58.28%	56.15%	60.18%	55.10%	59.90%	51.20%	56.09%	59.94%	61.83%	66.80%	60.35%	57.74%	63.51%	58.98%	61.18%	56.84%	59.34%	64.30%	58.51%	61.25%	54.75%	60.55%	52.90%	72.17%	66.37%	82.35%	60.04%	52.12%	63.24%	46.67%									
																																																																					
																																																																					
																																																																					
																																																																					
																																																																					
																																																																					
																																																																					
																																																																					
																																																																					
																																																																					
																																																																					
																																																																					
																																																																					
																																																																					
																																																																					
																																																																					
																																																																					
																																																																					
																																																																					
																																																																					
																																																																					
																																																																					
																																																																					
																																																																					
																																																																					
																																																																					
																																																																					
