Выборы Президента Российской Федерации																																																																		
Дата голосования: 04.03.2012																																																																		
																																																																		
Наименование Избирательной комиссии:    Ковылкинская																																																																		
																																																																		
Сводная таблица итогов голосования																																																																		
																																																																		
	Число участковых избирательных комиссий	55																																																																
	Число участковых избирательных комиссий, приступивших к передаче сведений	55																																																																
																																																																		
		Сумма	УИК №324	УИК №325	УИК №326	УИК №327	УИК №328	УИК №329	УИК №330	УИК №331	УИК №332	УИК №333	УИК №334	УИК №335	УИК №336	УИК №337	УИК №338	УИК №339	УИК №340	УИК №341	УИК №342	УИК №343	УИК №344	УИК №345	УИК №346	УИК №347	УИК №348	УИК №349	УИК №350	УИК №351	УИК №352	УИК №353	УИК №354	УИК №355	УИК №356	УИК №357	УИК №358	УИК №359	УИК №360	УИК №361	УИК №362	УИК №363	УИК №364	УИК №365	УИК №366	УИК №367	УИК №368	УИК №369	УИК №370	УИК №371	УИК №372	УИК №373	УИК №374	УИК №375	УИК №376	УИК №377	УИК №378									
1	Число избирателей, включенных в список избирателей	33037	223	231	375	146	223	506	352	1146	214	577	137	237	444	622	687	1174	164	512	373	428	212	154	298	408	195	1251	395	143	118	173	393	437	569	190	257	445	172	317	1006	285	379	595	1251	667	879	762	1739	1790	1769	1836	1728	1781	754	679	239									
2	Число избирательных бюллетеней, полученных участковой избирательной комиссией	34590	228	240	380	150	250	507	357	1209	220	591	146	237	451	630	724	1201	171	520	378	436	226	162	309	418	196	1284	426	173	123	193	406	444	596	194	266	452	176	335	1063	286	390	624	1293	684	913	879	1852	1900	1903	1946	1835	1840	761	718	298									
3	Число избирательных бюллетеней, выданных избирателям, проголосовавшим досрочно	0	0	0	0	0	0	0	0	0	0	0	0	0	0	0	0	0	0	0	0	0	0	0	0	0	0	0	0	0	0	0	0	0	0	0	0	0	0	0	0	0	0	0	0	0	0	0	0	0	0	0	0	0	0	0	0									
4	Число избирательных бюллетеней, выданных в помещении для голосования в день голосования	26342	161	163	252	108	154	394	296	926	174	450	91	174	356	403	532	1011	133	422	184	362	166	106	270	309	148	964	266	84	85	133	289	328	481	151	180	239	150	203	855	223	278	516	1004	539	676	644	1312	1529	1423	1661	1432	1631	592	493	236									
5	Число избирательных бюллетеней, выданных вне помещения для голосования в день голосования	4991	50	58	103	30	61	78	45	177	40	107	38	63	47	100	136	69	30	90	75	50	43	41	23	87	41	198	103	49	28	40	98	97	61	39	56	193	17	94	151	53	74	77	163	104	159	118	427	90	211	128	157	48	111	162	3									
6	Число погашенных избирательных бюллетеней	3257	17	19	25	12	35	35	16	106	6	34	17	0	48	127	56	121	8	8	119	24	17	15	16	22	7	122	57	40	10	20	19	19	54	4	30	20	9	38	57	10	38	31	126	41	78	117	113	281	269	157	246	161	58	63	59									
7	Число избирательных бюллетеней в переносных ящиках для голосования	4991	50	58	103	30	61	78	45	177	40	107	38	63	47	100	136	69	30	90	75	50	43	41	23	87	41	198	103	49	28	40	98	97	61	39	56	193	17	94	151	53	74	77	163	104	159	118	427	90	211	128	157	48	111	162	3									
8	Число бюллетеней в стационарных ящиках для голосования	26341	161	163	252	108	154	394	296	926	174	450	91	174	356	403	532	1011	133	422	184	362	166	106	270	309	148	964	266	84	85	133	289	328	481	151	180	239	150	203	855	223	278	516	1004	539	676	644	1312	1528	1423	1661	1432	1631	592	493	236									
9	Число недействительных избирательных бюллетеней	47	0	0	0	0	0	0	0	17	0	0	0	0	1	0	8	0	1	0	0	0	0	1	0	0	0	5	1	0	0	0	2	0	0	0	0	0	0	0	0	0	1	0	0	3	0	0	0	0	2	0	3	0	2	0	0									
10	Число действительных избирательных бюллетеней	31285	211	221	355	138	215	472	341	1086	214	557	129	237	402	503	660	1080	162	512	259	412	209	146	293	396	189	1157	368	133	113	173	385	425	542	190	236	432	167	297	1006	276	351	593	1167	640	835	762	1739	1618	1632	1789	1586	1679	701	655	239									
11	Число полученных открепительных  удостоверений	1076	2	5	3	4	23	10	7	55	4	12	5	5	4	5	20	15	5	5	3	5	8	4	3	4	2	25	29	28	2	2	7	4	16	2	5	4	2	18	25	3	3	16	25	30	40	40	106	70	100	65	80	50	25	30	6									
12	Число открепительных удостоверений, выданных избирателям на избирательном участке	1063	2	5	3	4	23	10	7	55	4	12	5	5	4	5	20	15	5	5	3	5	8	4	3	4	2	25	29	28	2	2	7	4	16	2	5	4	2	18	25	3	3	16	25	30	27	40	106	70	100	65	80	50	25	30	6									
13	Число избирателей, проголосовавших по открепительным удостоверениям	202	2	0	3	2	0	2	4	8	2	1	2	9	3	5	0	1	2	0	2	0	1	2	1	1	4	3	3	0	2	0	1	2	0	2	0	3	0	4	7	2	2	0	16	7	3	6	12	6	2	12	10	15	14	6	5									
14	Число неиспользованных открепительных удостоверений	13	0	0	0	0	0	0	0	0	0	0	0	0	0	0	0	0	0	0	0	0	0	0	0	0	0	0	0	0	0	0	0	0	0	0	0	0	0	0	0	0	0	0	0	0	13	0	0	0	0	0	0	0	0	0	0									
15	Число открепительных удостоверений, выданных избирателям ТИК	24	0	0	0	0	0	0	0	0	0	0	0	0	0	0	0	0	0	0	0	0	0	0	0	0	0	2	0	0	0	1	0	1	0	0	0	0	0	0	1	0	1	0	1	0	1	0	1	3	4	3	4	1	0	0	0									
16	Число утраченных открепительных удостоверений	0	0	0	0	0	0	0	0	0	0	0	0	0	0	0	0	0	0	0	0	0	0	0	0	0	0	0	0	0	0	0	0	0	0	0	0	0	0	0	0	0	0	0	0	0	0	0	0	0	0	0	0	0	0	0	0									
17	Число утраченных избирательных бюллетеней	0	0	0	0	0	0	0	0	0	0	0	0	0	0	0	0	0	0	0	0	0	0	0	0	0	0	0	0	0	0	0	0	0	0	0	0	0	0	0	0	0	0	0	0	0	0	0	0	0	0	0	0	0	0	0	0									
18	Число избирательных бюллетеней, не учтенных при получении	0	0	0	0	0	0	0	0	0	0	0	0	0	0	0	0	0	0	0	0	0	0	0	0	0	0	0	0	0	0	0	0	0	0	0	0	0	0	0	0	0	0	0	0	0	0	0	0	0	0	0	0	0	0	0	0									
																																																																		
19	Жириновский Владимир Вольфович	409	3	0	0	1	0	10	1	37	4	5	7	5	2	10	6	15	8	4	7	4	1	9	3	2	3	11	5	0	1	0	3	3	8	3	3	2	2	5	9	7	5	3	17	4	14	13	9	28	16	13	9	51	8	9	1									
		1.31%	1.42%	0.00%	0.00%	0.72%	0.00%	2.12%	0.29%	3.35%	1.87%	0.90%	5.43%	2.11%	0.50%	1.99%	0.90%	1.39%	4.91%	0.78%	2.70%	0.97%	0.48%	6.12%	1.02%	0.51%	1.59%	0.95%	1.36%	0.00%	0.88%	0.00%	0.78%	0.71%	1.48%	1.58%	1.27%	0.46%	1.20%	1.68%	0.89%	2.54%	1.42%	0.51%	1.46%	0.62%	1.68%	1.71%	0.52%	1.73%	0.98%	0.73%	0.57%	3.04%	1.14%	1.37%	0.42%									
20	Зюганов Геннадий Андреевич	1051	11	16	7	2	6	6	14	105	3	15	10	4	6	25	22	10	5	6	39	9	5	8	4	6	3	32	19	5	4	8	13	4	13	3	12	7	3	3	22	8	8	3	29	11	50	26	31	70	64	46	80	80	16	20	14									
		3.35%	5.21%	7.24%	1.97%	1.45%	2.79%	1.27%	4.11%	9.52%	1.40%	2.69%	7.75%	1.69%	1.49%	4.97%	3.29%	0.93%	3.07%	1.17%	15.06%	2.18%	2.39%	5.44%	1.37%	1.52%	1.59%	2.75%	5.15%	3.76%	3.54%	4.62%	3.36%	0.94%	2.40%	1.58%	5.08%	1.62%	1.80%	1.01%	2.19%	2.90%	2.27%	0.51%	2.49%	1.71%	5.99%	3.41%	1.78%	4.33%	3.92%	2.57%	5.03%	4.76%	2.28%	3.05%	5.86%									
21	Миронов Сергей Михайлович	199	0	0	0	1	0	0	0	20	0	4	0	0	1	0	0	5	1	3	5	1	1	1	0	1	2	7	2	0	0	0	1	2	2	2	0	2	1	2	6	3	1	0	11	5	1	6	10	7	9	23	17	21	7	4	1									
		0.64%	0.00%	0.00%	0.00%	0.72%	0.00%	0.00%	0.00%	1.81%	0.00%	0.72%	0.00%	0.00%	0.25%	0.00%	0.00%	0.46%	0.61%	0.59%	1.93%	0.24%	0.48%	0.68%	0.00%	0.25%	1.06%	0.60%	0.54%	0.00%	0.00%	0.00%	0.26%	0.47%	0.37%	1.05%	0.00%	0.46%	0.60%	0.67%	0.60%	1.09%	0.28%	0.00%	0.94%	0.78%	0.12%	0.79%	0.58%	0.43%	0.55%	1.29%	1.07%	1.25%	0.99%	0.61%	0.42%									
22	Прохоров Михаил Дмитриевич	214	0	0	0	1	0	5	2	37	0	2	2	0	3	2	6	13	5	3	0	4	0	1	0	3	0	3	3	0	0	0	2	0	1	0	0	0	0	3	22	0	2	0	19	1	1	4	3	10	10	2	5	23	6	4	1									
		0.68%	0.00%	0.00%	0.00%	0.72%	0.00%	1.06%	0.59%	3.35%	0.00%	0.36%	1.55%	0.00%	0.74%	0.40%	0.90%	1.20%	3.07%	0.59%	0.00%	0.97%	0.00%	0.68%	0.00%	0.76%	0.00%	0.26%	0.81%	0.00%	0.00%	0.00%	0.52%	0.00%	0.18%	0.00%	0.00%	0.00%	0.00%	1.01%	2.19%	0.00%	0.57%	0.00%	1.63%	0.16%	0.12%	0.52%	0.17%	0.62%	0.61%	0.11%	0.31%	1.37%	0.85%	0.61%	0.42%									
23	Путин Владимир Владимирович	29412	197	205	348	133	209	451	324	887	207	531	110	228	390	466	626	1037	143	496	208	394	202	127	286	384	181	1104	339	128	108	165	366	416	518	182	221	421	161	284	947	258	335	587	1091	619	769	713	1686	1503	1533	1705	1475	1504	664	618	222									
		93.87%	93.36%	92.76%	98.03%	96.38%	97.21%	95.55%	95.01%	80.42%	96.73%	95.33%	85.27%	96.20%	96.77%	92.64%	93.71%	96.02%	87.73%	96.88%	80.31%	95.63%	96.65%	86.39%	97.61%	96.97%	95.77%	95.01%	91.87%	96.24%	95.58%	95.38%	94.57%	97.88%	95.57%	95.79%	93.64%	97.45%	96.41%	95.62%	94.14%	93.48%	95.17%	98.99%	93.49%	96.27%	92.10%	93.57%	96.95%	92.89%	93.82%	95.30%	92.83%	89.58%	94.45%	94.35%	92.89%									
																																																																		
																																																																		
																																																																		
																																																																		
																																																																		
																																																																		
																																																																		
																																																																		
																																																																		
																																																																		
																																																																		
																																																																		
																																																																		
																																																																		
																																																																		
																																																																		
																																																																		
																																																																		
																																																																		
																																																																		
																																																																		
																																																																		
																																																																		
																																																																		
																																																																		
																																																																		
																																																																		
