Выборы Президента Российской Федерации																																																
Дата голосования: 02.03.2008																																																
																																																
Наименование Избирательной комиссии:    Ярославская																																																
																																																
Сводная таблица результатов выборов																																																
																																																
	Число участковых избирательных комиссий	41																																														
	"Число участковых избирательных комиссий, приступивших к передаче сведений"	41																																														
																																																
		Сумма	УИК №884	УИК №885	УИК №886	УИК №887	УИК №888	УИК №889	УИК №890	УИК №891	УИК №892	УИК №893	УИК №894	УИК №895	УИК №896	УИК №897	УИК №898	УИК №899	УИК №900	УИК №901	УИК №902	УИК №903	УИК №904	УИК №905	УИК №906	УИК №907	УИК №908	УИК №909	УИК №910	УИК №911	УИК №912	УИК №913	УИК №914	УИК №915	УИК №916	УИК №917	УИК №918	УИК №919	УИК №920	УИК №921	УИК №922	УИК №923	УИК №924					
1	"Число избирателей, включенных в списки избирателей"	40668	1637	1607	1327	1308	895	599	230	689	1330	850	1529	2030	1750	1448	1361	1054	939	579	1310	508	1371	546	1349	1429	516	445	765	180	1173	1218	534	302	800	1802	463	456	1396	1178	1185	298	282					
2	"Число избирательных бюллетеней, полученных участковыми избирательными комиссиями"	36000	1450	1400	1200	1150	750	600	200	600	1150	800	1350	1800	1550	1250	1200	850	850	500	1150	450	1250	450	1200	1250	450	400	650	150	1000	1050	450	250	700	1600	400	400	1350	1050	1150	300	250					
3	"Число избирательных бюллетеней, выданных избирателям, проголосовавшим досрочно"	0	0	0	0	0	0	0	0	0	0	0	0	0	0	0	0	0	0	0	0	0	0	0	0	0	0	0	0	0	0	0	0	0	0	0	0	0	0	0	0	0	0					
4	"Число избирательных бюллетеней, выданных в помещениях для голосования в день голосования"	21083	875	836	769	763	386	378	98	312	790	414	591	1193	735	885	774	442	422	329	724	263	604	349	646	845	289	305	383	73	576	558	276	192	317	1017	183	197	754	641	663	152	84					
5	"Число избирательных бюллетеней, выданных вне помещений для голосования в день голосования"	3559	89	87	25	10	204	41	45	65	50	122	369	25	248	26	20	133	99	7	72	54	165	29	97	55	44	45	53	37	122	134	62	19	196	118	61	105	119	116	37	65	89					
6	Число погашенных избирательных бюллетеней	11358	486	477	406	377	160	181	57	223	310	264	390	582	567	339	406	275	329	164	354	133	481	72	457	350	117	50	214	40	302	358	112	39	187	465	156	98	477	293	450	83	77					
7	Число избирательных бюллетеней в переносных ящиках для голосования	3559	89	87	25	10	204	41	45	65	50	122	369	25	248	26	20	133	99	7	72	54	165	29	97	55	44	45	53	37	122	134	62	19	196	118	61	105	119	116	37	65	89					
8	Число бюллетеней в стационарных ящиках для голосования	21077	875	836	769	763	386	378	98	312	790	414	591	1193	735	882	773	442	422	329	724	262	604	349	646	845	289	305	383	73	576	558	275	192	317	1017	183	197	754	641	663	152	84					
9	Число недействительных избирательных бюллетеней	422	11	14	10	11	8	9	2	5	5	5	19	22	22	11	15	48	14	9	11	3	9	6	13	20	4	6	1	1	12	13	4	4	4	18	4	5	14	10	8	11	1					
10	Число действительных избирательных бюллетеней	24214	953	909	784	762	582	410	141	372	835	531	941	1196	961	897	778	527	507	327	785	313	760	372	730	880	329	344	435	109	686	679	333	207	509	1117	240	297	859	747	692	206	172					
11	Число полученных открепительных  удостоверений	675	15	15	15	15	15	10	10	10	15	15	15	15	15	15	15	10	10	35	15	10	15	10	15	15	15	10	10	10	140	15	10	10	10	15	10	10	15	10	20	10	10					
12	"Число открепительных удостоверений, выданных избирателям на избирательных участках"	345	6	5	9	6	7	1	10	4	3	2	5	8	4	1	2	4	3	28	4	1	1	3	6	3	5	6	4	4	131	6	2	5	4	15	0	0	14	6	16	1	0					
13	"Число избирателей, проголосовавших по открепительным удостоверениям"	269	10	4	5	4	3	10	3	4	7	1	4	5	14	4	5	12	6	7	8	5	5	13	6	4	5	11	6	5	13	9	6	3	6	17	4	0	8	13	13	0	1					
14	Число неиспользованных открепительных удостоверений	330	9	10	6	9	8	9	0	6	12	13	10	7	11	14	13	6	7	7	11	9	14	7	9	12	10	4	6	6	9	9	8	5	6	0	10	10	1	4	4	9	10					
15	"Число открепительных удостоверений, выданных избирателям ТИК"	2	0	0	0	0	0	0	0	0	0	0	0	0	0	0	0	0	0	0	0	0	0	0	0	0	0	0	0	0	0	0	0	0	0	0	0	0	0	0	1	0	1					
16	Число утраченных избирательных бюллетеней	0	0	0	0	0	0	0	0	0	0	0	0	0	0	0	0	0	0	0	0	0	0	0	0	0	0	0	0	0	0	0	0	0	0	0	0	0	0	0	0	0	0					
17	"Число избирательных бюллетеней, не учтенных при получении"	0	0	0	0	0	0	0	0	0	0	0	0	0	0	0	0	0	0	0	0	0	0	0	0	0	0	0	0	0	0	0	0	0	0	0	0	0	0	0	0	0	0					
17а	Число утраченных открепительных удостоверений	0	0	0	0	0	0	0	0	0	0	0	0	0	0	0	0	0	0	0	0	0	0	0	0	0	0	0	0	0	0	0	0	0	0	0	0	0	0	0	0	0	0					
17б	"Число открепительных удостоверений, не учтенных при получении"	0	0	0	0	0	0	0	0	0	0	0	0	0	0	0	0	0	0	0	0	0	0	0	0	0	0	0	0	0	0	0	0	0	0	0	0	0	0	0	0	0	0					
"Число голосов избирателей, поданных за каждый список"																																																
18	Богданов Андрей Владимирович	279	10	11	14	12	3	5	2	4	12	2	11	15	10	8	8	4	6	4	7	7	7	12	10	8	1	6	5	0	7	13	6	3	7	6	1	5	8	5	7	7	0					
		1.13%	1.04%	1.19%	1.76%	1.55%	0.51%	1.19%	1.40%	1.06%	1.43%	0.37%	1.15%	1.23%	1.02%	0.88%	1.01%	0.70%	1.15%	1.19%	0.88%	2.22%	0.91%	3.17%	1.35%	0.89%	0.30%	1.71%	1.15%	0.00%	1.00%	1.88%	1.78%	1.42%	1.36%	0.53%	0.41%	1.66%	0.92%	0.66%	1.00%	3.23%	0.00%					
19	Жириновский Владимир Вольфович	3162	95	104	97	74	62	44	10	41	123	79	120	185	133	149	99	73	58	60	81	23	85	48	77	103	51	40	71	10	80	96	40	42	66	150	33	46	111	86	159	46	12					
		12.83%	9.85%	11.27%	12.22%	9.57%	10.51%	10.50%	6.99%	10.88%	14.64%	14.74%	12.50%	15.19%	13.53%	16.41%	12.48%	12.70%	11.13%	17.86%	10.18%	7.28%	11.05%	12.70%	10.36%	11.44%	15.32%	11.43%	16.28%	9.09%	11.46%	13.87%	11.87%	19.91%	12.87%	13.22%	13.52%	15.23%	12.71%	11.36%	22.71%	21.20%	6.94%					
20	Зюганов Геннадий Андреевич	3989	163	141	187	163	124	49	17	57	115	43	142	217	120	118	166	84	72	42	121	43	128	49	147	187	38	49	54	14	97	182	43	26	103	204	31	34	137	148	98	24	12					
		16.19%	16.91%	15.28%	23.55%	21.09%	21.02%	11.69%	11.89%	15.12%	13.69%	8.02%	14.79%	17.82%	12.21%	12.99%	20.93%	14.61%	13.82%	12.50%	15.20%	13.61%	16.64%	12.96%	19.78%	20.78%	11.41%	14.00%	12.39%	12.73%	13.90%	26.30%	12.76%	12.32%	20.08%	17.97%	12.70%	11.26%	15.69%	19.55%	14.00%	11.06%	6.94%					
21	Медведев Дмитрий Анатольевич	16784	685	653	486	513	393	312	112	270	585	407	668	779	698	622	505	366	371	221	576	240	540	263	496	582	239	249	305	85	502	388	244	136	333	757	175	212	603	508	428	129	148					
		68.13%	71.06%	70.75%	61.21%	66.36%	66.61%	74.46%	78.32%	71.62%	69.64%	75.93%	69.58%	63.96%	71.01%	68.50%	63.68%	63.65%	71.21%	65.77%	72.36%	75.95%	70.22%	69.58%	66.76%	64.67%	71.77%	71.14%	69.95%	77.27%	71.92%	56.07%	72.40%	64.45%	64.91%	66.70%	71.72%	70.20%	69.07%	67.11%	61.14%	59.45%	85.55%					
																																																
																																																
																																																
																																																
																																																
																																																
																																																
																																																
																																																
																																																
																																																
																																																
																																																
																																																
																																																
																																																
																																																
																																																
