Выборы Президента Российской Федерации																																																																													
Дата голосования: 04.03.2012																																																																													
																																																																													
Наименование Избирательной комиссии:    Курск, Сеймская																																																																													
																																																																													
Сводная таблица итогов голосования																																																																													
																																																																													
	Число участковых избирательных комиссий	66																																																																											
	Число участковых избирательных комиссий, приступивших к передаче сведений	66																																																																											
																																																																													
		Сумма	УИК №33	УИК №34	УИК №35	УИК №36	УИК №37	УИК №38	УИК №39	УИК №40	УИК №41	УИК №42	УИК №43	УИК №44	УИК №45	УИК №46	УИК №47	УИК №48	УИК №49	УИК №50	УИК №51	УИК №52	УИК №53	УИК №54	УИК №55	УИК №56	УИК №57	УИК №58	УИК №59	УИК №60	УИК №61	УИК №62	УИК №63	УИК №64	УИК №65	УИК №66	УИК №67	УИК №68	УИК №69	УИК №70	УИК №71	УИК №72	УИК №73	УИК №74	УИК №75	УИК №76	УИК №77	УИК №78	УИК №79	УИК №80	УИК №81	УИК №82	УИК №83	УИК №84	УИК №85	УИК №86	УИК №87	УИК №88	УИК №89	УИК №90	УИК №91	УИК №92	УИК №93	УИК №94	УИК №95	УИК №96	УИК №97	УИК №98									
1	Число избирателей, включенных в список избирателей	122754	2193	2421	1581	1432	1706	2206	1228	1695	2553	2183	2259	2008	2364	2314	2096	2435	1815	1224	916	2188	1990	2405	1286	1751	2058	1994	1970	2241	1465	1550	1582	2832	1884	1799	2266	1839	1690	2116	1158	1629	1743	2119	2199	2126	2524	2399	892	2230	2091	1712	2324	2056	2087	1610	1593	2398	2184	1244	2259	2543	2553	1904	952	193	363	134									
2	Число избирательных бюллетеней, полученных участковой избирательной комиссией	117150	2100	2300	1450	1350	1650	2150	1150	1600	2450	2050	2100	1900	2300	2250	2050	2350	1750	1150	850	2100	1950	2300	1250	1700	2000	1850	1850	2150	1400	1400	1500	2600	1700	1700	2200	1700	1600	2050	1100	1450	1650	2000	2100	2050	2400	2250	850	2150	2000	1650	2250	2000	2000	1400	1500	2150	2100	1200	2200	2400	2450	1850	1000	300	450	300									
3	Число избирательных бюллетеней, выданных избирателям, проголосовавшим досрочно	0	0	0	0	0	0	0	0	0	0	0	0	0	0	0	0	0	0	0	0	0	0	0	0	0	0	0	0	0	0	0	0	0	0	0	0	0	0	0	0	0	0	0	0	0	0	0	0	0	0	0	0	0	0	0	0	0	0	0	0	0	0	0	0	0	0	0									
4	Число избирательных бюллетеней, выданных в помещении для голосования в день голосования	70098	994	1403	724	747	997	1280	718	842	1472	1203	1251	1205	1337	1347	1155	1456	1057	676	505	1267	1081	1424	722	1065	1090	1204	1196	1117	838	948	951	1788	1187	1051	1335	1079	972	1322	668	1032	1000	1217	1191	1198	1411	1239	438	1191	1093	911	1173	1009	1247	920	954	1540	1382	644	1251	1525	1396	826	948	193	363	132									
5	Число избирательных бюллетеней, выданных вне помещения для голосования в день голосования	2829	99	29	55	44	28	74	24	25	64	88	74	38	71	46	29	89	34	30	29	37	17	32	75	24	91	44	33	64	18	29	20	26	27	36	20	21	25	40	37	28	96	15	61	43	24	87	103	43	81	50	47	51	29	44	35	28	16	15	26	40	23	158	0	0	0	0									
6	Число погашенных избирательных бюллетеней	44223	1007	868	671	559	625	796	408	733	914	759	775	657	892	857	866	805	659	444	316	796	852	844	453	611	819	602	621	969	544	423	529	786	486	613	845	600	603	688	395	390	554	768	848	809	965	924	309	916	826	689	1030	940	724	436	511	582	702	541	923	835	1031	866	52	107	87	168									
7	Число избирательных бюллетеней в переносных ящиках для голосования	2828	99	29	55	44	28	74	24	25	64	88	74	38	71	46	29	89	34	30	29	37	17	32	75	24	91	44	33	64	18	29	20	26	27	36	20	21	25	39	37	28	96	15	61	43	24	87	103	43	81	50	47	51	29	44	35	28	16	15	26	40	23	158	0	0	0	0									
8	Число бюллетеней в стационарных ящиках для голосования	70090	994	1403	724	747	996	1279	718	842	1472	1203	1251	1204	1336	1347	1155	1456	1057	676	505	1267	1081	1424	722	1065	1090	1204	1196	1117	838	948	951	1787	1187	1051	1335	1079	972	1322	668	1032	1000	1217	1191	1197	1411	1239	438	1191	1093	911	1173	1009	1247	920	953	1540	1382	643	1251	1525	1396	826	948	193	363	132									
9	Число недействительных избирательных бюллетеней	826	19	37	8	5	3	25	7	19	16	15	11	18	13	12	13	15	11	8	3	15	17	22	13	11	10	29	16	7	17	5	12	25	14	11	13	7	11	17	8	15	12	13	15	19	5	10	2	13	10	5	8	16	8	7	15	15	20	5	15	17	12	10	15	3	3	0									
10	Число действительных избирательных бюллетеней	72092	1074	1395	771	786	1021	1328	735	848	1520	1276	1314	1224	1394	1381	1171	1530	1080	698	531	1289	1081	1434	784	1078	1171	1219	1213	1174	839	972	959	1788	1200	1076	1342	1093	986	1344	697	1045	1084	1219	1237	1221	1430	1316	539	1221	1164	956	1212	1044	1268	957	973	1553	1378	653	1262	1548	1407	974	933	190	360	132									
11	Число полученных открепительных  удостоверений	2414	35	45	30	35	40	55	30	30	60	40	45	30	60	40	40	50	45	25	20	40	30	40	40	35	50	30	45	40	38	40	30	67	35	40	58	40	30	50	35	45	35	35	40	40	60	51	20	32	30	40	40	30	40	30	20	45	43	25	45	40	40	20	0	0	0	0									
12	Число открепительных удостоверений, выданных избирателям на избирательном участке	2282	35	45	30	32	38	53	30	30	60	40	45	30	56	40	40	50	44	25	13	37	28	40	29	34	41	30	45	39	38	38	27	67	34	38	56	40	29	50	28	43	32	35	29	40	49	50	15	32	24	36	37	29	39	25	20	45	36	21	45	40	40	16	0	0	0	0									
13	Число избирателей, проголосовавших по открепительным удостоверениям	2758	59	37	63	41	22	26	42	34	34	38	35	44	45	17	19	57	15	15	11	16	15	17	12	11	44	31	74	21	40	115	42	212	154	96	38	66	65	44	20	25	22	31	15	16	19	18	12	26	13	13	24	9	19	92	60	67	17	17	21	38	17	13	204	87	60	16									
14	Число неиспользованных открепительных удостоверений	132	0	0	0	3	2	2	0	0	0	0	0	0	4	0	0	0	1	0	7	3	2	0	11	1	9	0	0	1	0	2	3	0	1	2	2	0	1	0	7	2	3	0	11	0	11	1	5	0	6	4	3	1	1	5	0	0	7	4	0	0	0	4	0	0	0	0									
15	Число открепительных удостоверений, выданных избирателям ТИК	371	4	6	6	3	2	4	4	4	4	7	8	4	9	6	4	4	1	5	1	12	10	6	5	3	4	10	10	14	4	3	4	10	6	10	11	8	17	7	4	5	9	4	8	2	8	2	3	4	5	8	14	5	6	2	6	3	6	6	8	2	7	4	0	0	0	0									
16	Число утраченных открепительных удостоверений	0	0	0	0	0	0	0	0	0	0	0	0	0	0	0	0	0	0	0	0	0	0	0	0	0	0	0	0	0	0	0	0	0	0	0	0	0	0	0	0	0	0	0	0	0	0	0	0	0	0	0	0	0	0	0	0	0	0	0	0	0	0	0	0	0	0	0									
17	Число утраченных избирательных бюллетеней	0	0	0	0	0	0	0	0	0	0	0	0	0	0	0	0	0	0	0	0	0	0	0	0	0	0	0	0	0	0	0	0	0	0	0	0	0	0	0	0	0	0	0	0	0	0	0	0	0	0	0	0	0	0	0	0	0	0	0	0	0	0	0	0	0	0	0									
18	Число избирательных бюллетеней, не учтенных при получении	0	0	0	0	0	0	0	0	0	0	0	0	0	0	0	0	0	0	0	0	0	0	0	0	0	0	0	0	0	0	0	0	0	0	0	0	0	0	0	0	0	0	0	0	0	0	0	0	0	0	0	0	0	0	0	0	0	0	0	0	0	0	0	0	0	0	0									
																																																																													
19	Жириновский Владимир Вольфович	6418	102	111	72	89	84	109	61	96	112	113	128	100	127	102	92	109	86	53	45	146	105	132	59	110	100	106	102	152	92	62	75	167	103	66	101	102	67	109	65	94	85	151	112	107	131	135	38	128	101	86	113	124	91	86	90	146	127	70	146	141	116	66	71	19	24	8									
		8.80%	9.33%	7.75%	9.24%	11.25%	8.20%	8.06%	8.22%	11.07%	7.29%	8.75%	9.66%	8.05%	9.03%	7.32%	7.77%	7.06%	7.88%	7.51%	8.43%	11.20%	9.56%	9.07%	7.40%	10.10%	8.47%	8.49%	8.30%	12.87%	10.75%	6.35%	7.72%	9.21%	8.48%	6.07%	7.45%	9.27%	6.72%	8.01%	9.22%	8.87%	7.76%	12.26%	8.95%	8.63%	9.13%	10.18%	7.02%	10.37%	8.60%	8.95%	9.26%	11.70%	7.13%	8.92%	9.11%	9.31%	9.08%	10.64%	11.43%	9.01%	8.17%	6.71%	7.49%	9.84%	6.61%	6.06%									
20	Зюганов Геннадий Андреевич	15803	199	326	141	168	204	264	161	189	366	293	280	253	316	309	257	322	245	144	98	332	238	316	169	252	264	268	269	215	160	211	207	400	235	234	292	250	223	341	146	205	206	259	268	244	293	247	127	315	256	250	277	227	305	193	213	348	307	145	341	409	350	188	175	26	58	14									
		21.67%	18.21%	22.77%	18.10%	21.24%	19.92%	19.51%	21.70%	21.80%	23.83%	22.70%	21.13%	20.37%	22.46%	22.18%	21.71%	20.84%	22.46%	20.40%	18.35%	25.46%	21.68%	21.70%	21.20%	23.14%	22.35%	21.47%	21.89%	18.20%	18.69%	21.60%	21.32%	22.06%	19.36%	21.53%	21.55%	22.73%	22.37%	25.06%	20.71%	19.34%	18.80%	21.02%	21.41%	19.68%	20.42%	18.63%	23.48%	25.53%	21.81%	26.01%	22.70%	21.42%	23.90%	20.02%	21.56%	22.19%	21.96%	22.04%	26.70%	26.13%	24.67%	19.11%	18.46%	13.47%	15.98%	10.61%									
21	Миронов Сергей Михайлович	3203	35	56	29	40	46	59	22	26	83	54	59	71	78	65	63	72	57	32	31	57	52	57	37	37	54	57	55	48	38	39	45	75	49	36	58	36	38	83	24	64	52	63	50	47	53	63	30	62	49	55	61	32	68	28	28	71	59	26	58	78	61	40	27	5	14	6									
		4.39%	3.20%	3.91%	3.72%	5.06%	4.49%	4.36%	2.96%	2.99%	5.40%	4.18%	4.45%	5.72%	5.54%	4.67%	5.32%	4.66%	5.22%	4.53%	5.81%	4.37%	4.74%	3.91%	4.64%	3.40%	4.57%	4.57%	4.48%	4.06%	4.44%	3.99%	4.63%	4.14%	4.04%	3.31%	4.28%	3.27%	3.81%	6.10%	3.40%	6.04%	4.74%	5.11%	3.99%	3.79%	3.69%	4.75%	5.55%	5.02%	4.17%	5.72%	5.00%	3.02%	5.33%	2.90%	2.83%	4.53%	4.22%	3.95%	4.54%	4.98%	4.30%	4.07%	2.85%	2.59%	3.86%	4.55%									
22	Прохоров Михаил Дмитриевич	5113	53	92	63	59	90	113	80	48	148	112	127	100	104	121	93	101	75	65	48	89	84	104	42	77	103	94	80	62	59	71	57	151	88	80	95	99	65	113	41	71	60	78	87	68	97	74	26	83	65	48	77	65	91	55	73	126	100	32	64	105	98	33	47	10	22	12									
		7.01%	4.85%	6.42%	8.09%	7.46%	8.79%	8.35%	10.78%	5.54%	9.64%	8.68%	9.58%	8.05%	7.39%	8.69%	7.85%	6.54%	6.87%	9.21%	8.99%	6.83%	7.65%	7.14%	5.27%	7.07%	8.72%	7.53%	6.51%	5.25%	6.89%	7.27%	5.87%	8.33%	7.25%	7.36%	7.01%	9.00%	6.52%	8.30%	5.82%	6.70%	5.47%	6.33%	6.95%	5.48%	6.76%	5.58%	4.81%	6.73%	5.54%	4.99%	6.31%	6.13%	7.13%	5.71%	7.39%	8.04%	7.15%	4.86%	5.01%	6.71%	6.91%	3.35%	4.96%	5.18%	6.06%	9.09%									
23	Путин Владимир Владимирович	41555	685	810	466	430	597	783	411	489	811	704	720	700	769	784	666	926	617	404	309	665	602	825	477	602	650	694	707	697	490	589	575	995	725	660	796	606	593	698	421	611	681	668	720	755	856	797	318	633	693	517	684	596	713	595	569	862	785	380	653	815	782	647	613	130	242	92									
		56.99%	62.67%	56.56%	59.82%	54.36%	58.30%	57.87%	55.39%	56.40%	52.80%	54.53%	54.34%	56.36%	54.66%	56.28%	56.25%	59.94%	56.55%	57.22%	57.87%	50.99%	54.83%	56.66%	59.85%	55.28%	55.04%	55.61%	57.53%	59.02%	57.24%	60.29%	59.22%	54.88%	59.72%	60.72%	58.75%	55.09%	59.48%	51.29%	59.72%	57.64%	62.14%	54.22%	57.51%	60.89%	59.65%	60.11%	58.78%	51.30%	59.03%	53.80%	56.07%	56.23%	55.88%	61.72%	57.59%	54.97%	56.15%	57.75%	51.14%	52.08%	55.11%	65.75%	64.66%	67.36%	66.67%	69.70%									
																																																																													
																																																																													
																																																																													
																																																																													
																																																																													
																																																																													
																																																																													
																																																																													
																																																																													
																																																																													
																																																																													
																																																																													
																																																																													
																																																																													
																																																																													
																																																																													
																																																																													
																																																																													
																																																																													
																																																																													
																																																																													
																																																																													
																																																																													
																																																																													
																																																																													
																																																																													
																																																																													
