Выборы Президента Российской Федерации																																																												
Дата голосования: 04.03.2012																																																												
																																																												
Наименование Избирательной комиссии:    Грязинская																																																												
																																																												
Сводная таблица итогов голосования																																																												
																																																												
	Число участковых избирательных комиссий	49																																																										
	Число участковых избирательных комиссий, приступивших к передаче сведений	49																																																										
																																																												
		Сумма	УИК №235	УИК №236	УИК №237	УИК №238	УИК №239	УИК №240	УИК №241	УИК №242	УИК №243	УИК №244	УИК №245	УИК №246	УИК №247	УИК №248	УИК №249	УИК №250	УИК №251	УИК №252	УИК №253	УИК №254	УИК №255	УИК №256	УИК №257	УИК №258	УИК №259	УИК №260	УИК №261	УИК №262	УИК №263	УИК №264	УИК №265	УИК №266	УИК №267	УИК №268	УИК №269	УИК №270	УИК №271	УИК №272	УИК №273	УИК №274	УИК №275	УИК №276	УИК №277	УИК №278	УИК №279	УИК №280	УИК №281	УИК №282	УИК №283									
1	Число избирателей, включенных в список избирателей	59986	1645	1840	2041	986	2083	2040	1923	1897	1411	683	1677	1527	1761	1649	1678	1588	856	1181	1745	2177	1213	1393	2024	2272	843	590	958	1351	2065	925	441	601	952	360	253	1064	181	773	496	747	263	1477	692	1061	321	800	380	1536	1566									
2	Число избирательных бюллетеней, полученных участковой избирательной комиссией	58850	1650	1800	2000	850	2050	2000	1850	1900	1350	650	1650	1500	1750	1550	1650	1600	950	1150	1650	2200	1200	1300	2000	2300	850	600	950	1300	2050	900	400	550	950	350	250	1100	180	750	490	750	270	1450	600	1050	320	800	390	1500	1500									
3	Число избирательных бюллетеней, выданных избирателям, проголосовавшим досрочно	0	0	0	0	0	0	0	0	0	0	0	0	0	0	0	0	0	0	0	0	0	0	0	0	0	0	0	0	0	0	0	0	0	0	0	0	0	0	0	0	0	0	0	0	0	0	0	0	0	0									
4	Число избирательных бюллетеней, выданных в помещении для голосования в день голосования	33124	863	913	1130	560	1373	1116	1017	1255	649	370	958	881	970	861	974	1044	520	577	937	1112	671	830	1223	1090	510	349	589	713	1128	591	134	301	485	226	131	560	121	349	194	302	151	933	429	454	190	371	238	828	953									
5	Число избирательных бюллетеней, выданных вне помещения для голосования в день голосования	8477	127	372	223	156	251	162	216	229	327	62	204	290	124	166	126	46	120	208	144	518	198	102	89	295	156	106	149	179	129	116	191	169	235	39	66	291	34	241	229	259	56	237	117	173	20	175	27	212	116									
6	Число погашенных избирательных бюллетеней	17249	660	515	647	134	426	722	617	416	374	218	488	329	656	523	550	510	310	365	569	570	331	368	688	915	184	145	212	408	793	193	75	80	230	85	53	249	25	160	67	189	63	280	54	423	110	254	125	460	431									
7	Число избирательных бюллетеней в переносных ящиках для голосования	8477	127	372	223	156	251	162	216	229	327	62	204	290	124	166	126	46	120	208	144	518	198	102	89	295	156	106	149	179	129	116	191	169	235	39	66	291	34	241	229	259	56	237	117	173	20	175	27	212	116									
8	Число бюллетеней в стационарных ящиках для голосования	33122	863	912	1130	560	1373	1116	1017	1255	649	370	958	881	970	861	974	1044	520	577	937	1112	670	830	1223	1090	510	349	589	713	1128	591	134	301	485	226	131	560	121	349	194	302	151	933	429	454	190	371	238	828	953									
9	Число недействительных избирательных бюллетеней	344	15	4	13	12	0	23	17	9	7	3	0	9	11	4	2	5	8	12	11	23	7	3	16	12	4	2	2	12	18	11	2	0	0	4	2	8	0	3	0	17	2	10	4	6	2	1	1	1	6									
10	Число действительных избирательных бюллетеней	41255	975	1280	1340	704	1624	1255	1216	1475	969	429	1162	1162	1083	1023	1098	1085	632	773	1070	1607	861	929	1296	1373	662	453	736	880	1239	696	323	470	720	261	195	843	155	587	423	544	205	1160	542	621	208	545	264	1039	1063									
11	Число полученных открепительных  удостоверений	509	7	5	14	4	18	13	11	15	9	6	13	17	17	17	13	13	9	11	16	16	14	16	16	16	11	18	9	15	11	9	8	6	6	5	1	6	2	3	3	6	5	20	13	8	3	14	6	10	5									
12	Число открепительных удостоверений, выданных избирателям на избирательном участке	509	7	5	14	4	18	13	11	15	9	6	13	17	17	17	13	13	9	11	16	16	14	16	16	16	11	18	9	15	11	9	8	6	6	5	1	6	2	3	3	6	5	20	13	8	3	14	6	10	5									
13	Число избирателей, проголосовавших по открепительным удостоверениям	446	2	4	5	39	4	6	6	9	6	4	5	5	8	8	4	11	3	5	24	7	6	13	12	10	11	4	4	8	11	7	53	3	1	6	1	7	2	2	1	0	4	9	29	18	0	2	5	4	48									
14	Число неиспользованных открепительных удостоверений	0	0	0	0	0	0	0	0	0	0	0	0	0	0	0	0	0	0	0	0	0	0	0	0	0	0	0	0	0	0	0	0	0	0	0	0	0	0	0	0	0	0	0	0	0	0	0	0	0	0									
15	Число открепительных удостоверений, выданных избирателям ТИК	26	1	2	1	0	1	1	1	0	0	0	0	0	0	0	3	0	0	3	0	2	0	0	2	0	0	0	0	4	0	0	0	1	0	0	0	1	0	0	0	1	0	0	0	1	0	0	0	1	0									
16	Число утраченных открепительных удостоверений	0	0	0	0	0	0	0	0	0	0	0	0	0	0	0	0	0	0	0	0	0	0	0	0	0	0	0	0	0	0	0	0	0	0	0	0	0	0	0	0	0	0	0	0	0	0	0	0	0	0									
17	Число утраченных избирательных бюллетеней	0	0	0	0	0	0	0	0	0	0	0	0	0	0	0	0	0	0	0	0	0	0	0	0	0	0	0	0	0	0	0	0	0	0	0	0	0	0	0	0	0	0	0	0	0	0	0	0	0	0									
18	Число избирательных бюллетеней, не учтенных при получении	0	0	0	0	0	0	0	0	0	0	0	0	0	0	0	0	0	0	0	0	0	0	0	0	0	0	0	0	0	0	0	0	0	0	0	0	0	0	0	0	0	0	0	0	0	0	0	0	0	0									
																																																												
19	Жириновский Владимир Вольфович	2755	85	73	98	57	67	98	92	62	64	23	62	21	72	67	86	66	32	61	74	105	65	43	135	104	31	26	43	58	137	33	17	20	33	21	19	80	15	47	27	27	11	81	45	48	15	32	16	73	88									
		6.62%	8.59%	5.69%	7.24%	7.96%	4.13%	7.67%	7.46%	4.18%	6.56%	5.32%	5.34%	1.79%	6.58%	6.52%	7.82%	6.06%	5.00%	7.77%	6.85%	6.44%	7.49%	4.61%	10.29%	7.51%	4.65%	5.71%	5.83%	6.50%	10.90%	4.67%	5.23%	4.26%	4.58%	7.92%	9.64%	9.40%	9.68%	7.97%	6.38%	4.81%	5.31%	6.92%	8.24%	7.66%	7.14%	5.86%	6.04%	7.02%	8.23%									
20	Зюганов Геннадий Андреевич	6065	157	162	221	137	141	212	196	153	159	53	160	181	213	170	132	208	107	133	181	278	180	179	227	162	100	67	105	134	239	86	50	34	51	37	33	102	19	65	29	33	21	142	99	64	56	95	31	135	136									
		14.58%	15.86%	12.62%	16.33%	19.13%	8.68%	16.59%	15.90%	10.31%	16.29%	12.27%	13.77%	15.46%	19.47%	16.55%	12.00%	19.08%	16.72%	16.94%	16.74%	17.06%	20.74%	19.21%	17.30%	11.70%	15.02%	14.73%	14.23%	15.02%	19.01%	12.16%	15.38%	7.23%	7.08%	13.96%	16.75%	11.99%	12.26%	11.02%	6.86%	5.88%	10.14%	12.14%	18.13%	10.21%	26.67%	17.40%	11.70%	12.98%	12.72%									
21	Миронов Сергей Михайлович	1266	67	34	51	40	25	72	54	14	37	15	36	45	35	26	22	48	19	36	37	42	38	21	54	42	8	7	16	27	46	19	8	6	9	12	3	18	1	14	12	17	13	35	18	10	5	9	4	19	20									
		3.04%	6.77%	2.65%	3.77%	5.59%	1.54%	5.63%	4.38%	0.94%	3.79%	3.47%	3.10%	3.84%	3.20%	2.53%	2.00%	4.40%	2.97%	4.59%	3.42%	2.58%	4.38%	2.25%	4.12%	3.03%	1.20%	1.54%	2.17%	3.03%	3.66%	2.69%	2.46%	1.28%	1.25%	4.53%	1.52%	2.12%	0.65%	2.37%	2.84%	3.03%	6.28%	2.99%	3.30%	1.59%	2.38%	1.65%	1.51%	1.83%	1.87%									
22	Прохоров Михаил Дмитриевич	1571	32	24	64	45	30	47	64	45	29	14	45	42	58	33	33	52	36	37	37	72	45	38	68	61	10	5	13	40	61	37	10	15	10	7	3	44	4	23	27	19	4	58	34	25	10	14	7	34	6									
		3.78%	3.23%	1.87%	4.73%	6.28%	1.85%	3.68%	5.19%	3.03%	2.97%	3.24%	3.87%	3.59%	5.30%	3.21%	3.00%	4.77%	5.63%	4.71%	3.42%	4.42%	5.18%	4.08%	5.18%	4.40%	1.50%	1.10%	1.76%	4.48%	4.85%	5.23%	3.08%	3.19%	1.39%	2.64%	1.52%	5.17%	2.58%	3.90%	6.38%	3.39%	1.93%	4.96%	6.23%	3.99%	4.76%	2.56%	2.64%	3.27%	0.56%									
23	Путин Владимир Владимирович	29598	634	987	906	425	1361	826	810	1201	680	324	859	873	705	727	825	711	438	506	741	1110	533	648	812	1004	513	348	559	621	756	521	238	395	617	184	137	599	116	438	328	448	156	844	346	474	122	395	206	778	813									
		71.15%	64.04%	76.87%	66.96%	59.36%	83.81%	64.63%	65.69%	80.93%	69.67%	75.00%	73.92%	74.55%	64.44%	70.79%	75.00%	65.23%	68.44%	64.46%	68.55%	68.10%	61.41%	69.53%	61.89%	72.49%	77.03%	76.48%	75.75%	69.62%	60.14%	73.69%	73.23%	84.04%	85.69%	69.43%	69.54%	70.39%	74.84%	74.24%	77.54%	79.86%	75.36%	72.14%	63.37%	75.60%	58.10%	72.34%	77.74%	74.81%	76.05%									
																																																												
																																																												
																																																												
																																																												
																																																												
																																																												
																																																												
																																																												
																																																												
																																																												
																																																												
																																																												
																																																												
																																																												
																																																												
																																																												
																																																												
																																																												
																																																												
																																																												
																																																												
																																																												
																																																												
																																																												
																																																												
																																																												
																																																												
