Выборы Президента Российской Федерации																																																																																																							
Дата голосования: 04.03.2012																																																																																																							
																																																																																																							
Наименование Избирательной комиссии:    Омск, Кировская																																																																																																							
																																																																																																							
Сводная таблица итогов голосования																																																																																																							
																																																																																																							
	Число участковых избирательных комиссий	92																																																																																																					
	Число участковых избирательных комиссий, приступивших к передаче сведений	92																																																																																																					
																																																																																																							
		Сумма	УИК №1	УИК №2	УИК №3	УИК №4	УИК №5	УИК №6	УИК №7	УИК №8	УИК №9	УИК №10	УИК №11	УИК №12	УИК №13	УИК №14	УИК №15	УИК №16	УИК №17	УИК №18	УИК №19	УИК №20	УИК №21	УИК №22	УИК №23	УИК №24	УИК №25	УИК №26	УИК №27	УИК №28	УИК №29	УИК №30	УИК №31	УИК №32	УИК №33	УИК №34	УИК №35	УИК №36	УИК №37	УИК №38	УИК №39	УИК №40	УИК №41	УИК №42	УИК №43	УИК №44	УИК №45	УИК №46	УИК №47	УИК №48	УИК №49	УИК №50	УИК №51	УИК №52	УИК №53	УИК №54	УИК №55	УИК №56	УИК №57	УИК №58	УИК №59	УИК №60	УИК №61	УИК №62	УИК №63	УИК №64	УИК №65	УИК №66	УИК №67	УИК №68	УИК №69	УИК №70	УИК №71	УИК №72	УИК №73	УИК №74	УИК №75	УИК №76	УИК №77	УИК №78	УИК №79	УИК №80	УИК №81	УИК №82	УИК №83	УИК №84	УИК №85	УИК №86	УИК №87	УИК №88	УИК №89	УИК №90	УИК №91	УИК №466									
1	Число избирателей, включенных в список избирателей	197790	1836	1782	2217	2144	2608	2141	1931	1902	1791	2207	2310	2388	1996	1894	2080	1690	1821	2224	2284	2593	2539	2442	2344	2576	2462	2502	2425	1619	1792	2124	1873	2010	2121	2176	2264	2168	92	2799	2799	2933	2306	2427	2409	2635	2337	2032	1695	1769	2884	2490	2779	2661	2173	2341	2010	2375	2149	2241	2364	2183	2368	2284	1907	1898	1921	1691	2057	1774	2128	2035	2113	335	388	725	2678	2667	2505	2126	2793	2658	2923	2701	2373	2591	2599	1191	2548	2336	2324	2105	2781	108									
2	Число избирательных бюллетеней, полученных участковой избирательной комиссией	169726	1600	1400	1900	1900	2200	1900	1600	1600	1500	1900	2100	2100	1800	1600	1700	1500	1500	1700	2100	2100	2200	2100	2100	2200	2100	2200	2000	1400	1500	1900	1600	1800	1800	1800	2000	1900	90	2400	2400	2500	2100	2100	2100	2200	2100	1800	1400	1500	2400	2100	2400	2200	1800	1900	1700	2000	1800	1900	2000	1800	2000	1900	1600	1600	1600	1400	1800	1500	1800	1800	1800	350	460	726	2200	2300	2200	1800	2400	2300	2400	2200	2100	2200	2200	1000	2200	2100	2200	1800	2300	500									
3	Число избирательных бюллетеней, выданных избирателям, проголосовавшим досрочно	0	0	0	0	0	0	0	0	0	0	0	0	0	0	0	0	0	0	0	0	0	0	0	0	0	0	0	0	0	0	0	0	0	0	0	0	0	0	0	0	0	0	0	0	0	0	0	0	0	0	0	0	0	0	0	0	0	0	0	0	0	0	0	0	0	0	0	0	0	0	0	0	0	0	0	0	0	0	0	0	0	0	0	0	0	0	0	0	0	0	0	0	0									
4	Число избирательных бюллетеней, выданных в помещении для голосования в день голосования	111053	770	829	929	1049	1296	1206	904	961	817	985	1212	1360	1299	1153	1283	1070	734	1263	1020	1635	1560	1456	1398	1545	1444	1572	1487	959	1078	1224	1053	1261	1310	1334	1368	1264	53	1701	1679	1766	901	913	1328	1520	1129	1160	1060	1053	1792	1425	1724	1663	1284	1397	1170	1373	1333	1399	1305	1283	1398	1449	1164	1198	1110	993	1211	1039	1296	1099	1217	231	251	725	1557	1364	1460	1210	1617	1404	1604	1234	1252	1394	1384	579	1432	1069	1011	855	1639	108									
5	Число избирательных бюллетеней, выданных вне помещения для голосования в день голосования	2817	87	21	14	21	27	37	19	25	7	35	25	34	11	27	27	23	17	29	18	23	29	32	27	24	23	12	47	30	21	40	49	33	47	36	29	20	37	20	15	35	31	78	47	40	42	28	16	31	30	59	30	17	26	30	10	22	48	27	59	23	54	31	27	42	22	20	18	25	24	25	20	104	114	0	15	30	8	27	23	26	26	22	40	36	27	9	38	37	40	29	31	0									
6	Число погашенных избирательных бюллетеней	55856	743	550	957	830	877	657	677	614	676	880	863	706	490	420	390	407	749	408	1062	442	611	612	675	631	633	616	466	411	401	636	498	506	443	430	603	616	0	679	706	699	1168	1109	725	640	929	612	324	416	578	616	646	520	490	473	520	605	419	474	636	494	548	420	409	360	468	387	571	436	480	676	563	15	95	1	628	906	732	563	760	870	770	944	808	770	789	412	730	994	1149	916	630	392									
7	Число избирательных бюллетеней в переносных ящиках для голосования	2817	87	21	14	21	27	37	19	25	7	35	25	34	11	27	27	23	17	29	18	23	29	32	27	24	23	12	47	30	21	40	49	33	47	36	29	20	37	20	15	35	31	78	47	40	42	28	16	31	30	59	30	17	26	30	10	22	48	27	59	23	54	31	27	42	22	20	18	25	24	25	20	104	114	0	15	30	8	27	23	26	26	22	40	36	27	9	38	37	40	29	31	0									
8	Число бюллетеней в стационарных ящиках для голосования	110933	770	829	929	1049	1296	1204	903	960	817	984	1212	1360	1299	1151	1283	1070	734	1263	1019	1635	1559	1455	1395	1544	1444	1570	1485	959	1078	1224	1053	1261	1310	1316	1367	1260	53	1691	1678	1761	901	913	1328	1519	1127	1160	1059	1051	1791	1425	1724	1660	1269	1397	1170	1371	1333	1397	1304	1283	1398	1447	1162	1197	1110	989	1211	1038	1294	1099	1216	231	251	725	1557	1364	1458	1209	1617	1404	1599	1234	1251	1394	1380	579	1426	1069	1011	854	1639	108									
9	Число недействительных избирательных бюллетеней	1524	17	13	15	21	26	20	13	11	12	10	18	18	14	14	21	13	16	17	18	22	18	25	26	13	19	22	27	5	15	26	12	23	15	18	15	20	1	13	21	25	16	8	19	11	18	10	16	12	22	13	33	19	15	20	18	11	20	21	21	16	12	21	11	13	4	8	26	19	15	13	13	5	5	10	17	27	33	11	36	17	17	14	14	22	25	15	13	15	15	13	18	0									
10	Число действительных избирательных бюллетеней	112226	840	837	928	1049	1297	1221	909	974	812	1009	1219	1376	1296	1164	1289	1080	735	1275	1019	1636	1570	1462	1396	1555	1448	1560	1505	984	1084	1238	1090	1271	1342	1334	1381	1260	89	1698	1672	1771	916	983	1356	1548	1151	1178	1059	1070	1799	1471	1721	1658	1280	1407	1162	1382	1361	1403	1342	1290	1440	1457	1178	1226	1128	1001	1203	1044	1303	1111	1223	330	360	715	1555	1367	1433	1225	1604	1413	1608	1242	1277	1408	1382	573	1451	1091	1036	870	1652	108									
11	Число полученных открепительных  удостоверений	3705	30	30	30	30	40	40	30	30	30	30	30	30	50	30	30	30	30	40	30	60	60	50	50	60	40	60	40	30	40	30	40	50	50	40	50	30	0	50	60	60	30	30	60	60	40	50	40	40	60	40	60	60	50	50	50	40	50	40	50	40	60	40	30	50	30	30	30	30	40	50	30	0	0	30	60	70	40	40	40	40	70	30	30	40	40	20	40	40	40	30	75	0									
12	Число открепительных удостоверений, выданных избирателям на избирательном участке	2762	26	17	23	29	32	36	26	30	30	24	26	30	36	26	22	30	20	38	30	32	43	33	24	37	33	48	28	26	37	26	31	31	38	27	33	23	0	31	38	41	27	19	35	39	35	31	30	25	46	30	43	41	38	25	41	40	33	35	29	32	35	37	22	28	28	24	30	25	24	44	19	0	0	30	48	39	37	32	39	29	38	13	23	25	32	13	32	30	26	27	68	0									
13	Число избирателей, проголосовавших по открепительным удостоверениям	2572	17	16	22	16	27	29	40	22	18	19	24	31	29	35	17	18	20	36	29	35	14	31	35	20	8	45	37	14	32	20	21	38	29	19	42	26	13	38	31	21	15	22	44	32	27	29	22	23	24	23	44	36	10	37	17	30	28	34	37	23	26	59	27	20	23	28	24	17	22	11	26	38	36	30	28	41	37	38	30	22	30	24	42	27	24	12	29	33	35	13	21	108									
14	Число неиспользованных открепительных удостоверений	943	4	13	7	1	8	4	4	0	0	6	4	0	14	4	8	0	10	2	0	28	17	17	26	23	7	12	12	4	3	4	9	19	12	13	17	7	0	19	22	19	3	11	25	21	5	19	10	15	14	10	17	19	12	25	9	0	17	5	21	8	25	3	8	22	2	6	0	5	16	6	11	0	0	0	12	31	3	8	1	11	32	17	7	15	8	7	8	10	14	3	7	0									
15	Число открепительных удостоверений, выданных избирателям ТИК	38	0	0	0	0	1	1	1	0	0	1	0	1	0	0	0	0	0	1	0	0	1	0	0	1	1	0	0	0	1	1	0	0	0	1	0	2	0	2	0	0	0	0	0	0	0	0	0	1	1	1	0	2	2	4	1	1	1	0	0	0	1	0	0	0	1	0	0	1	0	1	1	0	0	0	0	0	0	0	0	1	0	0	1	0	0	0	0	0	1	0	0	0									
16	Число утраченных открепительных удостоверений	0	0	0	0	0	0	0	0	0	0	0	0	0	0	0	0	0	0	0	0	0	0	0	0	0	0	0	0	0	0	0	0	0	0	0	0	0	0	0	0	0	0	0	0	0	0	0	0	0	0	0	0	0	0	0	0	0	0	0	0	0	0	0	0	0	0	0	0	0	0	0	0	0	0	0	0	0	0	0	0	0	0	0	0	0	0	0	0	0	0	0	0	0									
17	Число утраченных избирательных бюллетеней	0	0	0	0	0	0	0	0	0	0	0	0	0	0	0	0	0	0	0	0	0	0	0	0	0	0	0	0	0	0	0	0	0	0	0	0	0	0	0	0	0	0	0	0	0	0	0	0	0	0	0	0	0	0	0	0	0	0	0	0	0	0	0	0	0	0	0	0	0	0	0	0	0	0	0	0	0	0	0	0	0	0	0	0	0	0	0	0	0	0	0	0	0									
18	Число избирательных бюллетеней, не учтенных при получении	0	0	0	0	0	0	0	0	0	0	0	0	0	0	0	0	0	0	0	0	0	0	0	0	0	0	0	0	0	0	0	0	0	0	0	0	0	0	0	0	0	0	0	0	0	0	0	0	0	0	0	0	0	0	0	0	0	0	0	0	0	0	0	0	0	0	0	0	0	0	0	0	0	0	0	0	0	0	0	0	0	0	0	0	0	0	0	0	0	0	0	0	0									
																																																																																																							
19	Жириновский Владимир Вольфович	8324	77	75	61	70	93	82	69	62	54	67	83	103	89	66	122	60	60	97	91	149	135	85	96	112	102	118	122	59	62	81	87	66	95	104	86	87	3	105	103	118	53	74	77	120	85	87	87	71	122	106	133	102	75	94	66	90	90	91	105	119	95	104	84	88	95	72	90	85	124	79	96	22	23	75	115	150	107	94	138	110	117	83	107	129	126	58	114	101	74	62	189	15									
		7.32%	8.98%	8.82%	6.47%	6.54%	7.03%	6.61%	7.48%	6.29%	6.55%	6.58%	6.71%	7.39%	6.79%	5.60%	9.31%	5.49%	7.99%	7.51%	8.78%	8.99%	8.50%	5.72%	6.75%	7.14%	6.95%	7.46%	7.96%	5.97%	5.64%	6.41%	7.89%	5.10%	7.00%	7.69%	6.16%	6.80%	3.33%	6.14%	6.08%	6.57%	5.69%	7.47%	5.60%	7.70%	7.27%	7.32%	8.09%	6.56%	6.70%	7.14%	7.58%	6.08%	5.79%	6.59%	5.59%	6.46%	6.52%	6.39%	7.70%	9.11%	6.54%	7.04%	7.06%	7.10%	8.39%	7.14%	7.32%	7.99%	9.41%	7.03%	7.77%	6.57%	6.30%	10.34%	7.32%	10.76%	7.30%	7.61%	8.41%	7.69%	7.20%	6.61%	8.29%	9.02%	8.96%	9.86%	7.79%	9.13%	7.04%	7.02%	11.32%	13.89%									
20	Зюганов Геннадий Андреевич	30330	213	250	314	300	388	348	262	290	222	325	330	435	347	352	369	332	188	423	288	426	394	388	321	380	390	448	415	281	353	311	277	397	365	407	396	380	30	392	378	414	248	271	400	391	310	308	284	317	448	388	462	437	329	358	274	329	380	391	383	322	440	363	326	378	314	245	298	265	402	288	335	70	86	56	394	365	400	309	403	386	434	244	394	404	354	150	406	298	303	253	387	31									
		26.66%	24.85%	29.41%	33.30%	28.04%	29.33%	28.04%	28.42%	29.44%	26.94%	31.89%	26.68%	31.21%	26.49%	29.88%	28.17%	30.38%	25.03%	32.74%	27.77%	25.69%	24.81%	26.09%	22.57%	24.23%	26.58%	28.32%	27.09%	28.41%	32.12%	24.60%	25.14%	30.68%	26.90%	30.10%	28.37%	29.69%	33.33%	22.91%	22.33%	23.05%	26.61%	27.35%	29.09%	25.08%	26.52%	25.93%	26.42%	29.30%	24.60%	26.15%	26.34%	26.06%	25.41%	25.09%	23.22%	23.62%	27.52%	27.46%	28.10%	24.66%	30.30%	24.56%	27.42%	30.51%	27.74%	24.28%	24.25%	24.93%	30.50%	25.62%	27.10%	20.90%	23.56%	7.72%	25.06%	26.18%	27.29%	25.00%	24.57%	26.99%	26.71%	19.43%	30.52%	28.25%	25.16%	25.51%	27.73%	26.94%	28.83%	28.65%	23.17%	28.70%									
21	Миронов Сергей Михайлович	5593	22	25	38	34	37	45	27	50	32	32	51	51	66	52	57	55	39	60	33	89	75	69	82	94	88	85	71	59	54	62	48	69	92	64	69	61	4	112	103	116	30	44	76	91	67	54	79	68	88	74	75	86	69	88	59	84	82	90	62	85	93	75	61	61	57	51	72	81	53	68	60	23	13	12	67	58	80	68	97	71	66	59	68	66	84	17	54	29	25	23	52	6									
		4.92%	2.57%	2.94%	4.03%	3.18%	2.80%	3.63%	2.93%	5.08%	3.88%	3.14%	4.12%	3.66%	5.04%	4.41%	4.35%	5.03%	5.19%	4.64%	3.18%	5.37%	4.72%	4.64%	5.77%	5.99%	5.99%	5.37%	4.63%	5.97%	4.91%	4.91%	4.36%	5.33%	6.78%	4.73%	4.94%	4.77%	4.44%	6.55%	6.08%	6.46%	3.22%	4.44%	5.53%	5.84%	5.73%	4.55%	7.35%	6.28%	4.83%	4.99%	4.28%	5.13%	5.33%	6.17%	5.00%	6.03%	5.94%	6.32%	4.55%	6.51%	6.40%	5.07%	5.13%	4.92%	5.04%	5.05%	5.86%	7.62%	4.02%	6.05%	4.85%	6.87%	3.56%	1.66%	4.26%	4.16%	5.46%	5.50%	5.91%	4.97%	4.06%	4.70%	5.27%	4.62%	5.97%	2.89%	3.69%	2.62%	2.38%	2.60%	3.11%	5.56%									
22	Прохоров Михаил Дмитриевич	12001	48	39	51	74	107	108	70	80	59	96	131	120	200	111	123	134	50	118	78	240	186	164	218	215	167	178	170	105	87	117	125	129	141	135	136	124	2	251	283	273	73	70	138	182	115	119	106	117	246	176	184	257	161	148	217	211	150	188	129	126	130	180	128	126	113	106	167	102	120	113	156	31	33	66	211	122	164	93	131	163	159	206	85	117	122	48	120	81	56	50	137	9									
		10.55%	5.60%	4.59%	5.41%	6.92%	8.09%	8.70%	7.59%	8.12%	7.16%	9.42%	10.59%	8.61%	15.27%	9.42%	9.39%	12.26%	6.66%	9.13%	7.52%	14.48%	11.71%	11.03%	15.33%	13.71%	11.38%	11.25%	11.10%	10.62%	7.92%	9.26%	11.34%	9.97%	10.39%	9.99%	9.74%	9.69%	2.22%	14.67%	16.72%	15.20%	7.83%	7.06%	10.04%	11.67%	9.84%	10.02%	9.86%	10.81%	13.51%	11.86%	10.49%	15.32%	12.43%	10.37%	18.39%	15.15%	10.86%	13.20%	9.46%	9.65%	8.95%	12.18%	10.77%	10.17%	9.98%	10.51%	13.59%	9.60%	9.10%	10.05%	12.62%	9.25%	9.04%	9.10%	13.42%	8.75%	11.19%	7.52%	7.99%	11.40%	9.78%	16.40%	6.58%	8.18%	8.67%	8.16%	8.20%	7.32%	5.33%	5.66%	8.20%	8.33%									
23	Путин Владимир Владимирович	55978	480	448	464	571	672	638	481	492	445	489	624	667	594	583	618	499	398	577	529	732	780	756	679	754	701	731	727	480	528	667	553	610	649	624	694	608	50	838	805	850	512	524	665	764	574	610	503	497	895	727	867	776	646	719	546	668	659	643	663	638	682	735	579	573	549	527	576	511	604	563	576	184	205	506	768	672	682	661	835	683	832	650	623	692	696	300	757	582	578	482	887	47									
		49.21%	56.01%	52.71%	49.20%	53.36%	50.79%	51.41%	52.17%	49.95%	54.00%	47.99%	50.44%	47.85%	45.34%	49.49%	47.18%	45.65%	52.99%	44.66%	51.01%	44.15%	49.12%	50.84%	47.75%	48.09%	47.78%	46.21%	47.45%	48.53%	48.04%	52.77%	50.18%	47.14%	47.83%	46.15%	49.71%	47.50%	55.56%	48.98%	47.55%	47.33%	54.94%	52.88%	48.36%	49.01%	49.10%	51.35%	46.79%	45.93%	49.15%	48.99%	49.43%	46.27%	49.88%	50.39%	46.27%	47.95%	47.72%	45.15%	48.64%	48.85%	46.97%	49.73%	48.70%	46.25%	48.50%	52.23%	46.87%	48.07%	45.83%	50.09%	46.60%	54.93%	56.16%	69.79%	48.85%	48.21%	46.52%	53.48%	50.91%	47.76%	51.20%	51.75%	48.26%	48.39%	49.47%	51.02%	51.71%	52.62%	54.99%	54.59%	53.11%	43.52%									
																																																																																																							
																																																																																																							
																																																																																																							
																																																																																																							
																																																																																																							
																																																																																																							
																																																																																																							
																																																																																																							
																																																																																																							
																																																																																																							
																																																																																																							
																																																																																																							
																																																																																																							
																																																																																																							
																																																																																																							
																																																																																																							
																																																																																																							
																																																																																																							
																																																																																																							
																																																																																																							
																																																																																																							
																																																																																																							
																																																																																																							
																																																																																																							
																																																																																																							
																																																																																																							
																																																																																																							
