Выборы Президента Российской Федерации																																																																																							
Дата голосования: 04.03.2012																																																																																							
																																																																																							
Наименование Избирательной комиссии:    Тюмень, Калининская																																																																																							
																																																																																							
Сводная таблица итогов голосования																																																																																							
																																																																																							
	Число участковых избирательных комиссий	76																																																																																					
	Число участковых избирательных комиссий, приступивших к передаче сведений	76																																																																																					
																																																																																							
		Сумма	УИК №762	УИК №763	УИК №764	УИК №765	УИК №766	УИК №767	УИК №768	УИК №769	УИК №770	УИК №771	УИК №772	УИК №773	УИК №774	УИК №775	УИК №776	УИК №777	УИК №778	УИК №779	УИК №780	УИК №781	УИК №782	УИК №783	УИК №784	УИК №785	УИК №786	УИК №787	УИК №788	УИК №789	УИК №790	УИК №791	УИК №792	УИК №793	УИК №794	УИК №795	УИК №796	УИК №797	УИК №798	УИК №799	УИК №800	УИК №801	УИК №802	УИК №803	УИК №804	УИК №805	УИК №806	УИК №807	УИК №808	УИК №809	УИК №810	УИК №811	УИК №812	УИК №813	УИК №814	УИК №815	УИК №816	УИК №817	УИК №818	УИК №819	УИК №820	УИК №821	УИК №822	УИК №823	УИК №824	УИК №825	УИК №826	УИК №827	УИК №828	УИК №829	УИК №830	УИК №831	УИК №832	УИК №833	УИК №834	УИК №835	УИК №836	УИК №837									
1	Число избирателей, включенных в список избирателей	142152	2236	939	1907	1806	1107	2112	2200	1551	2194	2180	2297	1134	2555	1520	1635	1912	2137	2369	1513	2674	2261	2388	350	2146	744	1561	2413	2001	997	2565	2017	1704	1296	1253	1694	2692	2529	1098	1872	1770	2057	1757	2056	1842	1841	2395	1778	2302	1967	2558	1177	2647	2802	2304	2468	2526	2016	2370	1379	2157	1560	1398	1148	2369	2434	2290	2081	2074	2175	1271	918	673	2019	1624	1073	1317									
2	Число избирательных бюллетеней, полученных участковой избирательной комиссией	136100	2200	1000	1800	1500	1100	1800	2100	1300	2100	2200	2200	1100	2500	1500	1600	1900	2100	2400	1200	2600	2200	2400	350	2000	700	1500	2300	1900	900	2500	2000	1600	1200	1200	1600	2600	2400	1000	1800	1700	2000	1700	2000	1800	1800	2300	1700	2300	2000	2500	1100	2600	2600	2200	2300	2500	2000	2300	1300	2000	1500	1300	1300	2100	2400	2200	2100	1900	2100	1100	900	600	1900	1500	1100	1050									
3	Число избирательных бюллетеней, выданных избирателям, проголосовавшим досрочно	0	0	0	0	0	0	0	0	0	0	0	0	0	0	0	0	0	0	0	0	0	0	0	0	0	0	0	0	0	0	0	0	0	0	0	0	0	0	0	0	0	0	0	0	0	0	0	0	0	0	0	0	0	0	0	0	0	0	0	0	0	0	0	0	0	0	0	0	0	0	0	0	0	0	0	0	0									
4	Число избирательных бюллетеней, выданных в помещении для голосования в день голосования	110908	1857	939	1577	1381	899	1628	1630	776	1576	1549	1693	986	2203	1213	1280	1567	1660	1769	1185	2250	1683	1896	227	1809	494	1316	1879	1721	721	1924	1393	1392	1087	924	1357	2264	1822	813	1563	1281	1610	1503	1642	1516	1519	1923	1331	2045	1574	1979	865	1939	2090	1770	2018	1919	1459	1941	1056	1761	1217	1142	1062	1927	1713	1813	1458	1407	1764	821	706	429	1725	1150	925	1005									
5	Число избирательных бюллетеней, выданных вне помещения для голосования в день голосования	1870	26	0	27	7	4	13	11	15	18	35	21	23	19	9	15	31	17	17	11	25	17	20	86	80	8	14	30	40	33	14	33	34	25	15	30	30	38	32	9	8	18	20	115	117	26	25	7	51	17	26	17	36	33	27	26	30	13	11	23	12	7	9	10	18	14	25	13	14	16	6	12	33	23	30	22	28									
6	Число погашенных избирательных бюллетеней	23322	317	61	196	112	197	159	459	509	506	616	486	91	278	278	305	302	423	614	4	325	500	484	37	111	198	170	391	139	146	562	574	174	88	261	213	306	540	155	228	411	372	177	243	167	255	352	362	204	409	495	218	625	477	403	256	551	528	348	221	227	276	149	228	155	673	362	629	479	320	273	182	138	152	320	153	17									
7	Число избирательных бюллетеней в переносных ящиках для голосования	1870	26	0	27	7	4	13	11	15	18	35	21	23	19	9	15	31	17	17	11	25	17	20	86	80	8	14	30	40	33	14	33	34	25	15	30	30	38	32	9	8	18	20	115	117	26	25	7	51	17	26	17	36	33	27	26	30	13	11	23	12	7	9	10	18	14	25	13	14	16	6	12	33	23	30	22	28									
8	Число бюллетеней в стационарных ящиках для голосования	110847	1857	939	1577	1374	897	1628	1630	776	1576	1549	1693	986	2203	1213	1280	1567	1660	1768	1185	2248	1683	1893	227	1809	494	1315	1879	1721	721	1924	1393	1392	1087	924	1357	2264	1822	813	1561	1281	1610	1503	1639	1516	1519	1923	1330	2044	1573	1979	865	1939	2090	1770	2018	1919	1459	1917	1056	1761	1217	1142	1062	1927	1713	1813	1445	1407	1764	821	706	429	1725	1150	925	1005									
9	Число недействительных избирательных бюллетеней	1022	29	0	6	11	6	15	6	13	2	20	8	6	25	19	21	14	17	22	7	32	0	19	3	0	11	8	20	10	9	38	8	3	13	4	21	27	3	11	23	9	0	5	19	13	22	13	5	2	28	44	6	28	22	12	14	0	19	11	34	29	16	13	0	25	24	6	9	20	0	4	13	9	11	12	4	11									
10	Число действительных избирательных бюллетеней	111695	1854	939	1598	1370	895	1626	1635	778	1592	1564	1706	1003	2197	1203	1274	1584	1660	1763	1189	2241	1700	1894	310	1889	491	1321	1889	1751	745	1900	1418	1423	1099	935	1366	2267	1857	834	1547	1280	1628	1518	1735	1620	1523	1935	1332	2093	1562	1961	876	1947	2101	1785	2030	1949	1453	1917	1045	1744	1208	1138	1072	1920	1703	1832	1449	1401	1780	823	705	453	1737	1168	943	1022									
11	Число полученных открепительных  удостоверений	1749	37	0	29	20	13	20	30	9	30	23	38	10	47	20	20	20	20	35	17	53	20	30	0	12	7	10	25	20	12	30	27	15	20	20	30	20	30	15	22	33	25	20	24	20	25	35	17	47	30	25	6	26	40	33	33	40	20	25	12	30	15	12	24	41	27	27	24	19	16	15	10	10	35	12	20	20									
12	Число открепительных удостоверений, выданных избирателям на избирательном участке	1649	34	0	29	19	13	20	30	6	30	23	38	9	47	14	19	19	18	34	16	50	20	28	0	12	4	10	18	12	12	29	27	12	19	19	30	20	30	14	22	26	25	20	23	17	25	34	17	47	30	22	6	24	40	32	33	39	18	23	12	26	14	12	22	40	26	25	24	18	16	15	6	9	32	11	16	18									
13	Число избирателей, проголосовавших по открепительным удостоверениям	3737	76	185	67	101	22	271	37	118	49	32	31	52	61	27	38	50	40	34	36	62	30	42	33	79	10	29	53	23	15	38	33	27	28	22	57	56	43	58	41	25	38	42	28	26	33	43	41	24	37	20	51	41	119	54	64	30	52	33	22	33	28	16	23	67	47	32	46	25	33	102	16	7	24	16	59	234									
14	Число неиспользованных открепительных удостоверений	100	3	0	0	1	0	0	0	3	0	0	0	1	0	6	1	1	2	1	1	3	0	2	0	0	3	0	7	8	0	1	0	3	1	1	0	0	0	1	0	7	0	0	1	3	0	1	0	0	0	3	0	2	0	1	0	1	2	2	0	4	1	0	2	1	1	2	0	1	0	0	4	1	3	1	4	2									
15	Число открепительных удостоверений, выданных избирателям ТИК	179	1	0	3	0	1	2	4	0	7	0	5	0	3	1	0	2	2	6	0	7	1	4	0	0	1	3	2	1	0	4	3	1	0	1	4	2	2	2	1	3	0	1	0	4	12	7	2	1	3	4	0	3	4	5	7	0	1	1	1	7	2	1	0	5	4	3	2	3	1	3	2	4	6	0	0	1									
16	Число утраченных открепительных удостоверений	0	0	0	0	0	0	0	0	0	0	0	0	0	0	0	0	0	0	0	0	0	0	0	0	0	0	0	0	0	0	0	0	0	0	0	0	0	0	0	0	0	0	0	0	0	0	0	0	0	0	0	0	0	0	0	0	0	0	0	0	0	0	0	0	0	0	0	0	0	0	0	0	0	0	0	0	0									
17	Число утраченных избирательных бюллетеней	0	0	0	0	0	0	0	0	0	0	0	0	0	0	0	0	0	0	0	0	0	0	0	0	0	0	0	0	0	0	0	0	0	0	0	0	0	0	0	0	0	0	0	0	0	0	0	0	0	0	0	0	0	0	0	0	0	0	0	0	0	0	0	0	0	0	0	0	0	0	0	0	0	0	0	0	0									
18	Число избирательных бюллетеней, не учтенных при получении	0	0	0	0	0	0	0	0	0	0	0	0	0	0	0	0	0	0	0	0	0	0	0	0	0	0	0	0	0	0	0	0	0	0	0	0	0	0	0	0	0	0	0	0	0	0	0	0	0	0	0	0	0	0	0	0	0	0	0	0	0	0	0	0	0	0	0	0	0	0	0	0	0	0	0	0	0									
																																																																																							
19	Жириновский Владимир Вольфович	9295	143	38	102	111	64	163	83	98	78	51	86	100	173	172	147	142	124	116	121	220	85	199	14	35	18	127	273	196	144	101	43	42	49	73	159	105	91	92	155	79	114	101	157	112	116	201	110	81	145	271	113	160	187	203	180	157	149	100	111	198	136	121	53	153	165	151	171	78	152	80	64	68	194	182	58	91									
		8.25%	7.59%	4.05%	6.36%	8.04%	7.10%	9.93%	5.06%	12.39%	4.89%	3.22%	5.02%	9.91%	7.79%	14.08%	11.35%	8.89%	7.39%	6.50%	10.12%	9.68%	5.00%	10.40%	4.47%	1.85%	3.59%	9.56%	14.30%	11.13%	19.10%	5.21%	3.02%	2.95%	4.41%	7.77%	11.46%	4.58%	4.89%	10.89%	9.87%	6.13%	7.00%	6.63%	8.95%	6.86%	7.51%	10.32%	8.23%	3.87%	9.12%	13.52%	12.81%	8.10%	8.81%	11.30%	8.81%	8.06%	10.12%	5.19%	10.29%	11.17%	11.11%	10.51%	4.94%	7.87%	9.55%	8.22%	11.73%	5.49%	8.54%	9.67%	8.91%	14.72%	11.10%	15.42%	6.12%	8.81%									
20	Зюганов Геннадий Андреевич	15928	320	47	343	189	80	210	170	81	315	164	120	74	297	127	197	253	311	287	163	335	425	286	48	181	81	203	247	142	79	399	357	285	100	82	209	260	294	117	183	96	176	209	190	337	152	298	213	325	242	288	105	227	304	288	216	409	154	383	140	257	170	147	268	310	269	282	207	133	217	89	78	67	240	165	101	115									
		14.13%	16.99%	5.01%	21.38%	13.69%	8.88%	12.80%	10.36%	10.24%	19.76%	10.35%	7.00%	7.33%	13.37%	10.39%	15.21%	15.83%	18.55%	16.08%	13.63%	14.74%	25.00%	14.95%	15.34%	9.58%	16.14%	15.27%	12.94%	8.06%	10.48%	20.59%	25.04%	19.99%	8.99%	8.73%	15.07%	11.33%	15.81%	13.85%	11.66%	7.45%	10.81%	13.72%	10.83%	20.64%	9.84%	15.30%	15.93%	15.51%	15.22%	14.36%	11.90%	11.49%	14.32%	16.03%	10.57%	20.99%	10.46%	19.87%	12.97%	14.50%	13.89%	12.77%	25.00%	15.94%	15.58%	15.34%	14.20%	9.36%	12.19%	10.76%	10.86%	14.50%	13.73%	13.98%	10.67%	11.13%									
21	Миронов Сергей Михайлович	2883	85	9	24	45	15	50	28	25	47	31	22	15	69	36	51	37	30	32	44	106	15	64	6	27	9	35	41	27	38	20	15	55	23	20	30	60	13	23	80	26	45	26	39	31	27	62	28	25	56	54	34	29	53	65	50	19	35	61	31	59	36	30	11	73	67	61	56	29	47	17	18	13	59	53	30	26									
		2.56%	4.51%	0.96%	1.50%	3.26%	1.66%	3.05%	1.71%	3.16%	2.95%	1.96%	1.28%	1.49%	3.11%	2.95%	3.94%	2.32%	1.79%	1.79%	3.68%	4.66%	0.88%	3.35%	1.92%	1.43%	1.79%	2.63%	2.15%	1.53%	5.04%	1.03%	1.05%	3.86%	2.07%	2.13%	2.16%	2.62%	0.70%	2.72%	5.10%	2.02%	2.76%	1.71%	2.22%	1.90%	1.75%	3.18%	2.09%	1.19%	3.52%	2.69%	3.85%	1.47%	2.50%	3.62%	2.45%	0.97%	2.38%	3.16%	2.87%	3.33%	2.94%	2.61%	1.03%	3.75%	3.88%	3.32%	3.84%	2.04%	2.64%	2.06%	2.51%	2.81%	3.38%	4.49%	3.17%	2.52%									
22	Прохоров Михаил Дмитриевич	6936	278	9	36	170	79	158	41	138	49	36	26	85	198	93	137	40	43	48	108	285	19	134	15	21	5	165	150	48	86	69	18	42	42	19	159	141	18	98	76	18	67	138	52	80	35	228	22	108	181	176	88	49	216	178	46	39	33	31	109	206	100	94	11	145	116	179	177	48	152	20	16	42	126	89	75	64									
		6.15%	14.76%	0.96%	2.24%	12.31%	8.77%	9.63%	2.50%	17.45%	3.07%	2.27%	1.52%	8.42%	8.91%	7.61%	10.58%	2.50%	2.56%	2.69%	9.03%	12.54%	1.12%	7.00%	4.79%	1.11%	0.99%	12.42%	7.86%	2.73%	11.41%	3.56%	1.26%	2.95%	3.78%	2.02%	11.46%	6.15%	0.97%	11.60%	4.84%	1.40%	4.12%	9.06%	2.96%	4.90%	2.27%	11.70%	1.65%	5.16%	11.38%	8.78%	9.98%	2.48%	10.17%	9.91%	2.25%	2.00%	2.24%	1.61%	10.10%	11.62%	8.17%	8.17%	1.03%	7.46%	6.72%	9.74%	12.14%	3.38%	8.54%	2.42%	2.23%	9.09%	7.21%	7.54%	7.92%	6.20%									
23	Путин Владимир Владимирович	76653	1028	836	1093	855	657	1045	1313	436	1103	1282	1452	729	1460	775	742	1112	1152	1280	753	1295	1156	1211	227	1625	378	791	1178	1338	398	1311	985	999	885	741	809	1701	1441	504	1053	1061	1226	1044	1297	1060	1193	1146	959	1554	938	1172	536	1482	1341	1051	1538	1325	1082	1342	654	1024	766	746	729	1239	1086	1159	838	1113	1212	617	529	263	1118	679	679	726									
		68.00%	54.59%	89.03%	68.14%	61.91%	72.92%	63.68%	80.01%	55.12%	69.20%	80.93%	84.71%	72.25%	65.71%	63.42%	57.30%	69.59%	68.69%	71.71%	62.96%	56.97%	68.00%	63.30%	72.52%	86.02%	75.30%	59.52%	61.71%	75.98%	52.79%	67.65%	69.07%	70.06%	79.59%	78.91%	58.33%	74.15%	77.47%	59.64%	67.07%	82.31%	75.31%	68.55%	73.95%	64.91%	77.22%	58.83%	71.73%	74.18%	58.99%	58.45%	60.77%	75.04%	63.17%	58.49%	75.24%	67.98%	73.51%	69.61%	60.61%	57.76%	62.58%	64.81%	68.00%	63.70%	62.88%	63.06%	57.48%	78.33%	68.09%	74.61%	73.68%	56.93%	63.96%	57.54%	71.70%	70.28%									
																																																																																							
																																																																																							
																																																																																							
																																																																																							
																																																																																							
																																																																																							
																																																																																							
																																																																																							
																																																																																							
																																																																																							
																																																																																							
																																																																																							
																																																																																							
																																																																																							
																																																																																							
																																																																																							
																																																																																							
																																																																																							
																																																																																							
																																																																																							
																																																																																							
																																																																																							
																																																																																							
																																																																																							
																																																																																							
																																																																																							
																																																																																							
