Выборы Президента Российской Федерации																																																																		
Дата голосования: 04.03.2012																																																																		
																																																																		
Наименование Избирательной комиссии:    Ростов-на-Дону, Первомайская																																																																		
																																																																		
Сводная таблица итогов голосования																																																																		
																																																																		
	Число участковых избирательных комиссий	55																																																																
	Число участковых избирательных комиссий, приступивших к передаче сведений	55																																																																
																																																																		
		Сумма	УИК №1382	УИК №1383	УИК №1384	УИК №1385	УИК №1386	УИК №1387	УИК №1388	УИК №1389	УИК №1390	УИК №1391	УИК №1392	УИК №1393	УИК №1394	УИК №1395	УИК №1396	УИК №1397	УИК №1398	УИК №1399	УИК №1400	УИК №1401	УИК №1402	УИК №1403	УИК №1404	УИК №1405	УИК №1406	УИК №1407	УИК №1408	УИК №1409	УИК №1410	УИК №1411	УИК №1412	УИК №1413	УИК №1414	УИК №1415	УИК №1416	УИК №1417	УИК №1418	УИК №1419	УИК №1420	УИК №1421	УИК №1422	УИК №1423	УИК №1424	УИК №1425	УИК №1426	УИК №1427	УИК №1428	УИК №1429	УИК №1430	УИК №1431	УИК №1432	УИК №1433	УИК №1434	УИК №1435	УИК №1436									
1	Число избирателей, включенных в список избирателей	134613	2387	2175	2545	2330	2569	2456	2361	2558	2828	2343	3028	2553	2490	2360	2619	2732	2861	2204	2206	2812	2770	2436	2698	2300	2265	2555	2515	2537	1956	2659	2187	2617	2057	2540	2534	2288	2338	2648	2238	2531	2735	2522	2701	2519	2312	2200	2214	2318	2556	2431	2056	2795	2629	1314	2225									
2	Число избирательных бюллетеней, полученных участковой избирательной комиссией	129000	2300	2100	2400	2100	2500	2400	2300	2400	2800	2200	2800	2500	2400	2200	2600	2600	2600	2000	2100	2700	2700	2300	2600	2200	2200	2600	2400	2500	1800	2600	2100	2500	2000	2500	2500	2100	2200	2600	2100	2500	3000	2400	2600	2300	2100	2200	2200	2200	2400	2300	2000	2500	2500	1200	2100									
3	Число избирательных бюллетеней, выданных избирателям, проголосовавшим досрочно	0	0	0	0	0	0	0	0	0	0	0	0	0	0	0	0	0	0	0	0	0	0	0	0	0	0	0	0	0	0	0	0	0	0	0	0	0	0	0	0	0	0	0	0	0	0	0	0	0	0	0	0	0	0	0	0									
4	Число избирательных бюллетеней, выданных в помещении для голосования в день голосования	76039	1353	1284	1231	1280	1489	1128	1256	1248	1738	1175	1818	1423	1500	1362	1531	1489	1615	1220	1267	1732	1531	1208	1524	1292	1280	1249	1529	2091	1356	1578	1299	1346	1201	1450	1277	1270	1311	1333	1087	1490	1410	1407	1681	1176	1337	1312	1440	1347	1472	1491	1255	1631	1429	782	1028									
5	Число избирательных бюллетеней, выданных вне помещения для голосования в день голосования	6136	61	76	38	42	30	65	249	161	52	31	63	133	116	125	66	149	109	73	216	101	129	117	72	137	75	345	106	72	48	158	57	71	55	96	46	233	128	150	138	132	330	60	44	189	83	75	73	148	154	61	132	89	304	28	45									
6	Число погашенных избирательных бюллетеней	46825	886	740	1131	778	981	1207	795	991	1010	994	919	944	784	713	1003	962	876	707	617	867	1040	975	1004	771	845	1006	765	337	396	864	744	1083	744	954	1177	597	761	1117	875	878	1260	933	875	935	680	813	687	705	774	748	613	780	767	390	1027									
7	Число избирательных бюллетеней в переносных ящиках для голосования	6136	61	76	38	42	30	65	249	161	52	31	63	133	116	125	66	149	109	73	216	101	129	117	72	137	75	345	106	72	48	158	57	71	55	96	46	233	128	150	138	132	330	60	44	189	83	75	73	148	154	61	132	89	304	28	45									
8	Число бюллетеней в стационарных ящиках для голосования	75961	1351	1284	1231	1280	1487	1127	1256	1247	1730	1175	1818	1423	1500	1362	1529	1489	1613	1219	1255	1728	1531	1208	1522	1291	1279	1249	1529	2091	1356	1578	1298	1346	1201	1450	1274	1270	1310	1332	1080	1484	1406	1403	1681	1176	1337	1312	1440	1347	1471	1489	1255	1631	1429	782	1019									
9	Число недействительных избирательных бюллетеней	973	17	21	19	16	18	17	19	16	36	11	16	19	11	15	16	17	30	20	0	3	9	12	24	15	24	18	17	17	17	16	9	17	25	17	24	14	18	7	35	19	7	15	32	16	17	20	20	10	30	28	9	27	22	9	20									
10	Число действительных избирательных бюллетеней	81124	1395	1339	1250	1306	1499	1175	1486	1392	1746	1195	1865	1537	1605	1472	1579	1621	1692	1272	1471	1826	1651	1313	1570	1413	1330	1576	1618	2146	1387	1720	1346	1400	1231	1529	1296	1489	1420	1475	1183	1597	1729	1448	1693	1349	1403	1367	1493	1485	1595	1522	1378	1693	1711	801	1044									
11	Число полученных открепительных  удостоверений	5076	110	105	110	100	130	96	90	85	140	90	90	85	80	70	100	95	90	95	80	140	80	70	100	90	100	100	120	120	75	155	110	110	80	70	130	80	80	85	65	100	80	80	80	100	70	100	75	90	110	100	50	70	60	40	70									
12	Число открепительных удостоверений, выданных избирателям на избирательном участке	5076	110	105	110	100	130	96	90	85	140	90	90	85	80	70	100	95	90	95	80	140	80	70	100	90	100	100	120	120	75	155	110	110	80	70	130	80	80	85	65	100	80	80	80	100	70	100	75	90	110	100	50	70	60	40	70									
13	Число избирателей, проголосовавших по открепительным удостоверениям	4094	30	27	59	188	32	43	107	135	56	97	176	69	27	40	50	92	214	176	50	57	68	50	87	68	118	12	18	27	32	24	43	74	57	46	68	83	39	60	101	26	150	69	55	15	150	30	23	68	193	34	29	275	33	78	66									
14	Число неиспользованных открепительных удостоверений	0	0	0	0	0	0	0	0	0	0	0	0	0	0	0	0	0	0	0	0	0	0	0	0	0	0	0	0	0	0	0	0	0	0	0	0	0	0	0	0	0	0	0	0	0	0	0	0	0	0	0	0	0	0	0	0									
15	Число открепительных удостоверений, выданных избирателям ТИК	524	11	3	6	3	5	28	14	19	18	10	17	8	25	16	13	16	10	18	15	2	11	18	4	6	9	7	4	11	21	4	4	4	7	2	6	9	7	11	17	3	3	5	5	5	0	31	3	9	3	3	5	9	7	5	9									
16	Число утраченных открепительных удостоверений	0	0	0	0	0	0	0	0	0	0	0	0	0	0	0	0	0	0	0	0	0	0	0	0	0	0	0	0	0	0	0	0	0	0	0	0	0	0	0	0	0	0	0	0	0	0	0	0	0	0	0	0	0	0	0	0									
17	Число утраченных избирательных бюллетеней	0	0	0	0	0	0	0	0	0	0	0	0	0	0	0	0	0	0	0	0	0	0	0	0	0	0	0	0	0	0	0	0	0	0	0	0	0	0	0	0	0	0	0	0	0	0	0	0	0	0	0	0	0	0	0	0									
18	Число избирательных бюллетеней, не учтенных при получении	0	0	0	0	0	0	0	0	0	0	0	0	0	0	0	0	0	0	0	0	0	0	0	0	0	0	0	0	0	0	0	0	0	0	0	0	0	0	0	0	0	0	0	0	0	0	0	0	0	0	0	0	0	0	0	0									
																																																																		
19	Жириновский Владимир Вольфович	5300	90	88	104	123	113	110	84	133	168	107	117	108	110	104	108	102	40	72	66	145	101	93	95	87	105	130	85	84	77	123	87	69	86	94	91	89	108	88	71	60	104	85	180	86	84	81	68	95	90	98	53	130	99	63	69									
		6.46%	6.37%	6.47%	8.20%	9.30%	7.45%	9.23%	5.58%	9.45%	9.43%	8.87%	6.22%	6.94%	6.81%	6.99%	6.77%	6.23%	2.32%	5.57%	4.49%	7.93%	6.08%	7.02%	5.96%	6.09%	7.75%	8.16%	5.20%	3.88%	5.48%	7.09%	6.42%	4.87%	6.85%	6.08%	6.89%	5.92%	7.51%	5.94%	5.83%	3.71%	5.99%	5.81%	10.43%	6.30%	5.92%	5.84%	4.49%	6.35%	5.54%	6.32%	3.82%	7.56%	5.71%	7.78%	6.48%									
20	Зюганов Геннадий Андреевич	17526	363	289	295	239	342	276	334	261	378	266	429	326	327	355	363	351	402	323	269	342	344	280	372	401	281	316	347	404	279	374	321	353	279	303	281	326	316	293	235	285	316	316	362	343	294	372	259	282	372	363	297	443	236	152	199									
		21.35%	25.71%	21.25%	23.25%	18.08%	22.54%	23.15%	22.19%	18.54%	21.21%	22.06%	22.81%	20.95%	20.24%	23.87%	22.76%	21.43%	23.34%	25.00%	18.29%	18.70%	20.72%	21.13%	23.34%	28.08%	20.75%	19.82%	21.22%	18.68%	19.87%	21.54%	23.69%	24.91%	22.21%	19.60%	21.29%	21.69%	21.97%	19.77%	19.29%	17.64%	18.20%	21.60%	20.99%	25.13%	20.70%	26.82%	17.12%	18.86%	22.89%	23.42%	21.41%	25.76%	13.62%	18.77%	18.70%									
21	Миронов Сергей Михайлович	3277	55	49	39	51	48	48	66	62	66	65	85	81	91	61	82	70	33	51	57	81	58	59	77	80	43	24	58	88	51	66	61	51	49	72	52	66	44	68	49	46	38	71	92	46	58	78	50	61	76	66	20	84	44	39	51									
		3.99%	3.90%	3.60%	3.07%	3.86%	3.16%	4.03%	4.39%	4.40%	3.70%	5.39%	4.52%	5.21%	5.63%	4.10%	5.14%	4.27%	1.92%	3.95%	3.87%	4.43%	3.49%	4.45%	4.83%	5.60%	3.18%	1.51%	3.55%	4.07%	3.63%	3.80%	4.50%	3.60%	3.90%	4.66%	3.94%	4.39%	3.06%	4.59%	4.02%	2.85%	2.19%	4.85%	5.33%	3.37%	4.08%	5.62%	3.30%	4.08%	4.68%	4.26%	1.44%	4.88%	2.54%	4.81%	4.79%									
22	Прохоров Михаил Дмитриевич	8226	108	140	133	119	168	107	124	118	281	113	202	218	94	118	167	175	152	106	136	187	149	133	149	114	145	102	133	175	165	179	184	154	92	187	155	176	125	230	145	75	170	169	239	120	180	90	84	166	216	194	112	219	111	103	120									
		10.02%	7.65%	10.29%	10.48%	9.00%	11.07%	8.98%	8.24%	8.38%	15.77%	9.37%	10.74%	14.01%	5.82%	7.94%	10.47%	10.68%	8.83%	8.20%	9.25%	10.22%	8.98%	10.04%	9.35%	7.98%	10.71%	6.40%	8.13%	8.09%	11.75%	10.31%	13.58%	10.87%	7.32%	12.10%	11.74%	11.71%	8.69%	15.52%	11.90%	4.64%	9.79%	11.55%	13.86%	8.79%	12.68%	6.49%	5.55%	11.10%	13.29%	12.52%	8.07%	12.73%	6.41%	12.72%	11.28%									
23	Путин Владимир Владимирович	46795	779	773	679	774	828	634	878	818	853	644	1032	804	983	834	859	923	1065	720	943	1071	999	748	877	731	756	1004	995	1395	815	978	693	773	725	873	717	832	827	796	683	1131	1101	807	820	754	787	746	1032	881	841	801	896	817	1221	444	605									
		56.99%	55.17%	56.84%	53.51%	58.55%	54.58%	53.19%	58.34%	58.10%	47.87%	53.40%	54.86%	51.67%	60.83%	56.09%	53.86%	56.35%	61.85%	55.73%	64.11%	58.56%	60.18%	56.45%	55.02%	51.19%	55.83%	62.99%	60.86%	64.49%	58.05%	56.34%	51.14%	54.55%	57.72%	56.47%	54.32%	55.36%	57.51%	53.71%	56.08%	69.99%	63.42%	55.16%	47.54%	55.24%	55.42%	53.79%	68.21%	58.93%	51.75%	51.68%	64.60%	47.50%	70.46%	54.81%	56.86%									
																																																																		
																																																																		
																																																																		
																																																																		
																																																																		
																																																																		
																																																																		
																																																																		
																																																																		
																																																																		
																																																																		
																																																																		
																																																																		
																																																																		
																																																																		
																																																																		
																																																																		
																																																																		
																																																																		
																																																																		
																																																																		
																																																																		
																																																																		
																																																																		
																																																																		
																																																																		
																																																																		
