Выборы Президента Российской Федерации																																																																	
Дата голосования: 02.03.2008																																																																	
																																																																	
"Наименование Избирательной комиссии:    Ростов-на-Дону, Первомайская"																																																																	
																																																																	
Сводная таблица результатов выборов																																																																	
																																																																	
	Число участковых избирательных комиссий	58																																																															
	"Число участковых избирательных комиссий, приступивших к передаче сведений"	58																																																															
																																																																	
		Сумма	УИК №1382	УИК №1383	УИК №1384	УИК №1385	УИК №1386	УИК №1387	УИК №1388	УИК №1389	УИК №1390	УИК №1391	УИК №1392	УИК №1393	УИК №1394	УИК №1395	УИК №1396	УИК №1397	УИК №1398	УИК №1399	УИК №1400	УИК №1401	УИК №1402	УИК №1403	УИК №1404	УИК №1405	УИК №1406	УИК №1407	УИК №1408	УИК №1409	УИК №1410	УИК №1411	УИК №1412	УИК №1413	УИК №1414	УИК №1415	УИК №1416	УИК №1417	УИК №1418	УИК №1419	УИК №1420	УИК №1421	УИК №1422	УИК №1423	УИК №1424	УИК №1425	УИК №1426	УИК №1427	УИК №1428	УИК №1429	УИК №1430	УИК №1431	УИК №1432	УИК №1433	УИК №1434	УИК №1435	УИК №1436	УИК №1437	УИК №2614	УИК №2615					
1	"Число избирателей, включенных в списки избирателей"	129226	2660	2442	2262	2778	1980	1990	1788	2379	2453	2260	2616	1944	2171	2417	1696	1841	2348	2202	2018	2398	2222	2212	2504	2170	1711	3260	2567	2509	2489	1930	2260	2720	2287	2542	1659	1776	2060	2644	1636	2205	2443	2316	2343	2514	1780	2061	2345	2456	2300	1840	2155	770	2656	2369	2784	1387	1980	2721					
2	"Число избирательных бюллетеней, полученных участковыми избирательными комиссиями"	123600	2500	2300	2200	2600	1900	1900	1700	2200	2300	2200	2500	1800	2000	2300	1600	1800	2200	2100	1900	2200	2100	2100	2400	2100	1700	3000	2600	2500	2400	1900	2200	2600	2200	2500	1600	1600	2000	2600	1600	2200	2100	2200	2300	2400	1800	2000	2300	2400	2300	1800	2100	700	2600	2300	2600	1200	1800	2600					
3	"Число избирательных бюллетеней, выданных избирателям, проголосовавшим досрочно"	0	0	0	0	0	0	0	0	0	0	0	0	0	0	0	0	0	0	0	0	0	0	0	0	0	0	0	0	0	0	0	0	0	0	0	0	0	0	0	0	0	0	0	0	0	0	0	0	0	0	0	0	0	0	0	0	0	0	0					
4	"Число избирательных бюллетеней, выданных в помещениях для голосования в день голосования"	91489	2320	1917	1707	2401	1616	1498	1334	1976	1705	1679	1988	1398	1541	1787	1210	1568	1732	1415	1234	1592	1437	1486	1721	1239	1248	1253	1728	1889	1808	1282	1774	1726	1781	1686	1253	1034	1428	1368	1156	1796	1183	1770	1693	1414	1302	1210	1870	1840	1780	1688	1373	463	1678	1832	2032	1064	1587	1999					
5	"Число избирательных бюллетеней, выданных вне помещений для голосования в день голосования"	8302	27	27	11	37	13	92	224	54	14	32	79	151	128	154	242	39	118	198	173	63	191	177	73	167	63	1059	159	101	33	326	26	54	114	168	197	373	225	104	38	199	539	116	199	219	69	269	43	84	103	51	233	30	143	29	183	24	99	146					
6	Число погашенных избирательных бюллетеней	23809	153	356	482	162	271	310	142	170	581	489	433	251	331	359	148	193	350	487	493	545	472	437	606	694	389	688	713	510	559	292	400	820	305	646	150	193	347	1128	406	205	378	314	408	767	429	521	387	476	417	61	494	207	779	439	385	112	114	455					
7	Число избирательных бюллетеней в переносных ящиках для голосования	8302	27	27	11	37	13	92	224	54	14	32	79	151	128	154	242	39	118	198	173	63	191	177	73	167	63	1059	159	101	33	326	26	54	114	168	197	373	225	104	38	199	539	116	199	219	69	269	43	84	103	51	233	30	143	29	183	24	99	146					
8	Число бюллетеней в стационарных ящиках для голосования	91329	2320	1917	1686	2401	1616	1498	1334	1976	1705	1636	1988	1398	1541	1787	1210	1565	1732	1414	1234	1592	1437	1486	1721	1207	1248	1251	1728	1889	1808	1282	1774	1726	1781	1686	1253	1034	1428	1366	1156	1796	1183	1770	1693	1414	1299	1210	1866	1816	1780	1684	1373	462	1678	1832	2032	1044	1587	1999					
9	Число недействительных избирательных бюллетеней	856	15	16	10	18	0	24	3	14	27	49	13	0	24	8	11	11	10	9	0	5	0	15	16	8	9	0	2	12	20	20	24	68	19	16	15	14	17	12	14	2	20	12	76	2	2	10	24	18	1	0	16	6	25	8	17	18	12	19					
10	Число действительных избирательных бюллетеней	98775	2332	1928	1687	2420	1629	1566	1555	2016	1692	1619	2054	1549	1645	1933	1441	1593	1840	1603	1407	1650	1628	1648	1778	1366	1302	2310	1885	1978	1821	1588	1776	1712	1876	1838	1435	1393	1636	1458	1180	1993	1702	1874	1816	1631	1366	1469	1885	1882	1882	1735	1590	486	1796	1853	2198	1050	1674	2126					
11	Число полученных открепительных  удостоверений	3588	68	60	85	60	60	60	60	60	60	60	60	60	60	60	40	60	60	60	60	70	60	60	60	60	80	60	110	80	60	60	65	60	80	60	60	40	60	80	40	60	60	60	110	60	45	60	60	60	60	50	60	20	60	60	100	40	40	65					
12	"Число открепительных удостоверений, выданных избирателям на избирательных участках"	2787	61	46	80	50	45	32	21	25	56	43	33	16	39	40	13	49	21	59	60	70	35	20	52	59	76	60	110	80	40	34	65	52	80	60	60	26	60	76	33	30	52	38	97	50	40	33	27	30	46	44	39	16	46	45	100	28	26	63					
13	"Число избирателей, проголосовавших по открепительным удостоверениям"	1482	43	28	25	16	11	30	7	15	33	19	22	9	14	11	4	28	29	23	2	12	36	7	29	25	21	13	7	3	28	7	31	8	10	19	8	35	25	26	12	5	63	13	86	10	9	19	31	20	22	28	7	56	14	6	147	105	32	78					
14	Число неиспользованных открепительных удостоверений	801	7	14	5	10	15	28	39	35	4	17	27	44	21	20	27	11	39	1	0	0	25	40	8	1	4	0	0	0	20	26	0	8	0	0	0	14	0	4	7	30	8	22	13	10	5	27	33	30	14	6	21	4	14	15	0	12	14	2					
15	"Число открепительных удостоверений, выданных избирателям ТИК"	113	4	2	3	2	3	5	2	3	2	1	3	1	3	0	2	2	2	0	1	1	3	5	1	3	3	1	3	2	0	3	0	3	1	2	0	1	3	3	4	2	2	3	3	1	3	2	1	1	0	0	4	1	1	2	1	1	1	1					
16	Число утраченных избирательных бюллетеней	0	0	0	0	0	0	0	0	0	0	0	0	0	0	0	0	0	0	0	0	0	0	0	0	0	0	0	0	0	0	0	0	0	0	0	0	0	0	0	0	0	0	0	0	0	0	0	0	0	0	0	0	0	0	0	0	0	0	0					
17	"Число избирательных бюллетеней, не учтенных при получении"	0	0	0	0	0	0	0	0	0	0	0	0	0	0	0	0	0	0	0	0	0	0	0	0	0	0	0	0	0	0	0	0	0	0	0	0	0	0	0	0	0	0	0	0	0	0	0	0	0	0	0	0	0	0	0	0	0	0	0					
17а	Число утраченных открепительных удостоверений	0	0	0	0	0	0	0	0	0	0	0	0	0	0	0	0	0	0	0	0	0	0	0	0	0	0	0	0	0	0	0	0	0	0	0	0	0	0	0	0	0	0	0	0	0	0	0	0	0	0	0	0	0	0	0	0	0	0	0					
17б	"Число открепительных удостоверений, не учтенных при получении"	0	0	0	0	0	0	0	0	0	0	0	0	0	0	0	0	0	0	0	0	0	0	0	0	0	0	0	0	0	0	0	0	0	0	0	0	0	0	0	0	0	0	0	0	0	0	0	0	0	0	0	0	0	0	0	0	0	0	0					
"Число голосов избирателей, поданных за каждый список"																																																																	
18	Богданов Андрей Владимирович	1135	18	26	16	26	18	19	15	17	29	17	18	16	27	2	10	12	50	23	16	16	27	21	22	14	8	13	14	21	17	24	23	19	44	16	14	15	17	5	17	4	46	22	25	25	12	15	16	24	21	24	23	8	18	25	29	16	16	24					
		1.14%	0.77%	1.34%	0.94%	1.07%	1.10%	1.19%	0.96%	0.84%	1.69%	1.02%	0.87%	1.03%	1.62%	0.10%	0.69%	0.75%	2.70%	1.43%	1.14%	0.97%	1.66%	1.26%	1.23%	1.02%	0.61%	0.56%	0.74%	1.06%	0.92%	1.49%	1.28%	1.07%	2.32%	0.86%	0.97%	1.07%	1.03%	0.34%	1.42%	0.20%	2.67%	1.17%	1.32%	1.53%	0.88%	1.01%	0.84%	1.26%	1.12%	1.38%	1.43%	1.63%	0.99%	1.34%	1.31%	1.50%	0.95%	1.12%					
19	Жириновский Владимир Вольфович	5789	146	104	89	68	97	100	35	111	166	119	120	75	101	50	64	84	78	94	84	221	110	99	159	85	90	264	102	118	107	101	87	115	128	106	65	68	104	100	68	31	148	58	123	96	57	48	98	112	77	58	83	34	117	153	108	89	77	140					
		5.81%	6.22%	5.35%	5.24%	2.79%	5.95%	6.29%	2.25%	5.47%	9.66%	7.13%	5.81%	4.84%	6.05%	2.58%	4.41%	5.24%	4.22%	5.83%	5.97%	13.35%	6.76%	5.95%	8.86%	6.19%	6.86%	11.43%	5.41%	5.93%	5.81%	6.28%	4.83%	6.46%	6.75%	5.72%	4.48%	4.83%	6.29%	6.80%	5.70%	1.55%	8.59%	3.08%	6.50%	5.88%	4.17%	3.25%	5.13%	5.89%	4.09%	3.34%	5.17%	6.91%	6.43%	8.22%	4.88%	8.33%	4.57%	6.53%					
20	Зюганов Геннадий Андреевич	15473	317	237	409	374	217	195	211	185	217	230	255	210	334	319	202	180	229	331	263	291	313	444	518	338	213	89	314	342	239	291	325	352	344	261	215	251	198	250	186	350	308	261	324	227	212	165	241	247	259	150	337	91	335	206	400	180	213	278					
		15.53%	13.51%	12.19%	24.10%	15.34%	13.32%	12.26%	13.54%	9.11%	12.62%	13.79%	12.34%	13.56%	20.01%	16.43%	13.91%	11.22%	12.38%	20.53%	18.69%	17.58%	19.23%	26.70%	28.87%	24.60%	16.25%	3.85%	16.64%	17.19%	12.98%	18.10%	18.06%	19.78%	18.15%	14.08%	14.83%	17.84%	11.98%	17.01%	15.58%	17.54%	17.89%	13.84%	17.12%	13.90%	15.50%	11.16%	12.62%	13.00%	13.75%	8.65%	20.98%	18.50%	18.40%	11.07%	18.06%	16.85%	12.63%	12.96%					
21	Медведев Дмитрий Анатольевич	76378	1851	1561	1173	1952	1297	1252	1294	1703	1280	1253	1661	1248	1183	1562	1165	1317	1483	1155	1044	1122	1178	1084	1079	929	991	1944	1455	1497	1458	1172	1341	1226	1360	1455	1141	1059	1317	1103	909	1608	1200	1533	1344	1283	1085	1241	1530	1499	1525	1503	1147	353	1326	1469	1661	765	1368	1684					
		76.66%	78.87%	80.30%	69.12%	80.07%	79.62%	78.74%	83.06%	83.89%	74.46%	75.12%	80.36%	80.57%	70.88%	80.47%	80.23%	82.11%	80.16%	71.65%	74.20%	67.79%	72.36%	65.18%	60.14%	67.61%	75.59%	84.16%	77.11%	75.23%	79.20%	72.89%	74.50%	68.88%	71.77%	78.48%	78.69%	75.27%	79.67%	75.03%	76.13%	80.60%	69.69%	81.28%	71.04%	78.57%	79.31%	83.91%	80.15%	78.89%	80.99%	86.63%	71.42%	71.75%	72.82%	78.94%	74.99%	71.63%	81.14%	78.51%					
																																																																	
																																																																	
																																																																	
																																																																	
																																																																	
																																																																	
																																																																	
																																																																	
																																																																	
																																																																	
																																																																	
																																																																	
																																																																	
																																																																	
																																																																	
																																																																	
																																																																	
																																																																	
