Выборы Президента Российской Федерации																																																																																																										
Дата голосования: 04.03.2012																																																																																																										
																																																																																																										
Наименование Избирательной комиссии:    Дмитровcкая																																																																																																										
																																																																																																										
Сводная таблица итогов голосования																																																																																																										
																																																																																																										
	Число участковых избирательных комиссий	95																																																																																																								
	Число участковых избирательных комиссий, приступивших к передаче сведений	95																																																																																																								
																																																																																																										
		Сумма	УИК №223	УИК №224	УИК №225	УИК №226	УИК №227	УИК №228	УИК №229	УИК №230	УИК №231	УИК №232	УИК №233	УИК №234	УИК №235	УИК №236	УИК №237	УИК №238	УИК №239	УИК №240	УИК №241	УИК №242	УИК №243	УИК №244	УИК №245	УИК №246	УИК №247	УИК №248	УИК №249	УИК №250	УИК №251	УИК №252	УИК №253	УИК №254	УИК №255	УИК №256	УИК №257	УИК №258	УИК №259	УИК №260	УИК №261	УИК №262	УИК №263	УИК №264	УИК №265	УИК №266	УИК №267	УИК №268	УИК №269	УИК №270	УИК №271	УИК №272	УИК №273	УИК №274	УИК №275	УИК №276	УИК №277	УИК №278	УИК №279	УИК №280	УИК №281	УИК №282	УИК №283	УИК №284	УИК №285	УИК №286	УИК №287	УИК №288	УИК №289	УИК №290	УИК №291	УИК №292	УИК №293	УИК №294	УИК №295	УИК №296	УИК №297	УИК №298	УИК №299	УИК №300	УИК №301	УИК №302	УИК №303	УИК №304	УИК №305	УИК №306	УИК №307	УИК №308	УИК №309	УИК №310	УИК №311	УИК №312	УИК №313	УИК №314	УИК №315	УИК №316	УИК №317									
1	Число избирателей, включенных в список избирателей	123400	635	2040	2174	2171	1673	1639	953	1473	2019	2154	2400	2356	410	1176	2178	2237	2080	2067	2101	1299	1889	1046	1114	2227	1777	2782	1472	2205	1601	161	777	793	341	1961	759	548	1308	1347	371	1512	324	1330	794	500	928	1794	1236	752	1781	571	1360	915	817	302	871	303	1023	1274	1241	1572	418	2945	1767	2256	1685	1734	1089	2097	2257	1566	1553	916	1264	1008	651	2557	919	2162	995	835	323	1920	333	682	427	1205	547	535	908	291	764	1199	987	269	1422									
2	Число избирательных бюллетеней, полученных участковой избирательной комиссией	115111	578	1892	2058	2079	1567	1568	882	1415	1907	2030	2290	2197	489	1081	2044	2142	1952	1979	2004	1210	1608	962	1047	2114	1651	2422	1410	2112	1435	173	729	729	286	1730	620	483	1235	1253	347	1439	318	1151	769	453	871	1708	1181	674	1673	523	1293	865	703	268	809	281	976	1180	1163	1420	365	2744	1598	1948	1408	1492	888	1897	2103	1474	1431	866	1164	1932	616	2279	837	2030	915	809	305	1784	310	662	397	1119	497	505	702	222	713	1159	940	266	1306									
3	Число избирательных бюллетеней, выданных избирателям, проголосовавшим досрочно	0	0	0	0	0	0	0	0	0	0	0	0	0	0	0	0	0	0	0	0	0	0	0	0	0	0	0	0	0	0	0	0	0	0	0	0	0	0	0	0	0	0	0	0	0	0	0	0	0	0	0	0	0	0	0	0	0	0	0	0	0	0	0	0	0	0	0	0	0	0	0	0	0	0	0	0	0	0	0	0	0	0	0	0	0	0	0	0	0	0	0	0	0	0	0	0									
4	Число избирательных бюллетеней, выданных в помещении для голосования в день голосования	69356	318	1154	1128	1148	885	986	448	1052	1187	1236	1696	1475	155	626	1277	1319	1158	1420	1237	682	1122	552	689	1710	936	1549	808	1199	831	63	311	410	134	1083	480	250	666	699	179	744	139	899	422	239	433	935	615	320	942	265	670	450	297	181	416	113	607	779	740	799	176	1635	1080	1240	748	1033	867	1328	1363	1006	1055	550	774	566	390	1392	550	1225	760	437	218	978	156	306	72	554	200	253	586	149	382	474	532	118	940									
5	Число избирательных бюллетеней, выданных вне помещения для голосования в день голосования	12418	33	57	135	237	67	137	55	67	202	242	206	107	172	53	112	98	111	214	147	19	57	95	38	83	297	406	109	60	58	72	244	54	124	252	20	86	112	140	79	257	38	160	90	102	117	43	56	60	201	57	38	20	183	31	72	75	82	156	89	288	101	364	195	404	140	250	9	14	279	278	187	36	104	187	124	179	124	82	35	210	27	69	78	203	260	237	179	55	82	65	90	291	168	91	149									
6	Число погашенных избирательных бюллетеней	33337	227	681	795	694	615	445	379	296	518	552	388	615	162	402	655	725	683	345	620	509	429	315	320	321	418	467	493	853	546	38	174	265	28	395	120	147	457	414	89	438	141	92	257	112	321	730	510	294	530	201	585	395	223	56	321	93	287	245	334	333	88	745	323	304	520	209	12	555	461	190	189	280	286	1179	102	708	163	723	120	162	60	737	76	153	65	328	118	197	34	8	241	394	240	57	217									
7	Число избирательных бюллетеней в переносных ящиках для голосования	12418	33	57	135	237	67	137	55	67	202	242	206	107	172	53	112	98	111	214	147	19	57	95	38	83	297	406	109	60	58	72	244	54	124	252	20	86	112	140	79	257	38	160	90	102	117	43	56	60	201	57	38	20	183	31	72	75	82	156	89	288	101	364	195	404	140	250	9	14	279	278	187	36	104	187	124	179	124	82	35	210	27	69	78	203	260	237	179	55	82	65	90	291	168	91	149									
8	Число бюллетеней в стационарных ящиках для голосования	69324	318	1148	1128	1148	885	986	448	1052	1186	1236	1696	1475	155	626	1277	1319	1158	1415	1237	682	1122	552	689	1710	936	1549	808	1199	829	63	311	410	134	1082	480	250	666	699	179	744	139	899	422	239	433	931	615	320	942	265	670	450	297	181	416	113	607	779	740	799	176	1635	1080	1240	748	1033	867	1328	1363	1006	1055	550	774	566	390	1392	550	1220	760	437	218	970	156	306	72	554	200	253	586	149	382	474	532	118	940									
9	Число недействительных избирательных бюллетеней	1165	5	26	16	0	20	20	10	6	7	41	15	27	2	10	24	25	16	26	3	9	19	9	19	12	20	40	13	7	9	0	4	2	5	11	5	10	20	16	7	15	3	6	8	3	5	24	16	6	28	5	8	2	6	3	8	1	10	21	8	13	7	39	44	15	9	7	7	29	31	19	11	7	9	17	5	18	3	31	9	6	5	14	4	4	3	10	8	3	16	1	7	11	13	2	6									
10	Число действительных избирательных бюллетеней	80577	346	1179	1247	1385	932	1103	493	1113	1381	1437	1887	1555	325	669	1365	1392	1253	1603	1381	692	1160	638	708	1781	1213	1915	904	1252	878	135	551	462	253	1323	495	326	758	823	251	986	174	1053	504	338	545	950	655	374	1115	317	700	468	474	209	480	187	679	914	821	1074	270	1960	1231	1629	879	1276	869	1313	1611	1265	1231	579	869	736	509	1553	671	1271	786	641	240	1025	230	505	329	781	371	305	652	213	465	754	687	207	1083									
11	Число полученных открепительных  удостоверений	1863	5	30	30	30	25	31	5	25	31	32	32	30	2	15	35	36	25	35	38	10	25	10	15	40	25	40	30	35	12	2	5	6	3	40	20	5	10	15	6	20	3	10	16	16	13	45	25	10	32	15	35	10	20	7	5	5	20	20	25	30	5	35	25	25	20	25	13	35	35	50	25	15	35	40	15	25	10	30	10	10	5	15	5	10	5	10	5	5	15	5	10	26	11	2	23									
12	Число открепительных удостоверений, выданных избирателям на избирательном участке	1844	5	30	30	30	25	31	5	25	31	32	32	30	1	15	35	36	25	35	38	10	25	8	15	40	25	40	30	35	12	2	5	5	2	40	20	5	10	15	6	20	2	10	16	16	13	45	25	10	32	15	34	10	20	6	5	5	20	19	25	30	5	35	25	25	20	25	13	35	35	50	25	14	35	40	15	25	10	30	10	10	5	15	5	10	0	10	5	5	15	1	10	26	11	2	23									
13	Число избирателей, проголосовавших по открепительным удостоверениям	2344	13	24	20	29	21	17	8	48	25	11	22	28	71	13	24	6	30	35	14	15	40	14	28	32	25	203	20	16	64	19	16	6	32	57	15	32	8	24	9	16	10	11	8	13	6	26	11	20	49	9	7	12	27	16	21	10	4	42	16	45	53	48	46	15	27	26	50	16	18	20	24	5	9	16	9	131	37	24	10	4	7	10	10	5	18	16	15	13	51	43	11	11	12	6	15									
14	Число неиспользованных открепительных удостоверений	19	0	0	0	0	0	0	0	0	0	0	0	0	1	0	0	0	0	0	0	0	0	2	0	0	0	0	0	0	0	0	0	1	1	0	0	0	0	0	0	0	1	0	0	0	0	0	0	0	0	0	1	0	0	1	0	0	0	1	0	0	0	0	0	0	0	0	0	0	0	0	0	1	0	0	0	0	0	0	0	0	0	0	0	0	5	0	0	0	0	4	0	0	0	0	0									
15	Число открепительных удостоверений, выданных избирателям ТИК	236	0	4	7	8	6	9	4	2	6	7	6	4	0	4	8	5	6	5	6	3	7	2	1	5	3	1	2	7	1	0	1	2	1	3	4	0	3	5	0	1	1	3	5	0	0	3	4	3	5	0	4	0	6	0	0	0	2	0	1	0	2	0	0	0	1	0	0	2	2	3	2	3	2	0	3	0	0	1	0	5	1	3	0	1	0	4	2	1	3	0	2	2	1	1	3									
16	Число утраченных открепительных удостоверений	0	0	0	0	0	0	0	0	0	0	0	0	0	0	0	0	0	0	0	0	0	0	0	0	0	0	0	0	0	0	0	0	0	0	0	0	0	0	0	0	0	0	0	0	0	0	0	0	0	0	0	0	0	0	0	0	0	0	0	0	0	0	0	0	0	0	0	0	0	0	0	0	0	0	0	0	0	0	0	0	0	0	0	0	0	0	0	0	0	0	0	0	0	0	0	0									
17	Число утраченных избирательных бюллетеней	0	0	0	0	0	0	0	0	0	0	0	0	0	0	0	0	0	0	0	0	0	0	0	0	0	0	0	0	0	0	0	0	0	0	0	0	0	0	0	0	0	0	0	0	0	0	0	0	0	0	0	0	0	0	0	0	0	0	0	0	0	0	0	0	0	0	0	0	0	0	0	0	0	0	0	0	0	0	0	0	0	0	0	0	0	0	0	0	0	0	0	0	0	0	0	0									
18	Число избирательных бюллетеней, не учтенных при получении	0	0	0	0	0	0	0	0	0	0	0	0	0	0	0	0	0	0	0	0	0	0	0	0	0	0	0	0	0	0	0	0	0	0	0	0	0	0	0	0	0	0	0	0	0	0	0	0	0	0	0	0	0	0	0	0	0	0	0	0	0	0	0	0	0	0	0	0	0	0	0	0	0	0	0	0	0	0	0	0	0	0	0	0	0	0	0	0	0	0	0	0	0	0	0	0									
																																																																																																										
19	Жириновский Владимир Вольфович	4563	30	96	39	49	78	41	34	64	69	63	59	123	20	33	50	116	87	97	88	26	84	21	33	50	75	97	22	67	26	5	42	40	11	56	35	28	34	32	13	42	10	42	28	22	33	73	57	32	81	32	54	28	54	11	33	9	19	22	56	77	18	147	73	89	52	45	7	117	86	85	64	50	64	43	39	40	36	36	54	37	17	83	13	43	20	51	19	18	51	5	37	43	53	9	71									
		5.58%	8.55%	7.97%	3.09%	3.54%	8.19%	3.65%	6.76%	5.72%	4.97%	4.26%	3.10%	7.77%	6.12%	4.86%	3.60%	8.19%	6.86%	5.95%	6.36%	3.71%	7.12%	3.25%	4.54%	2.79%	6.08%	4.96%	2.40%	5.32%	2.93%	3.70%	7.57%	8.62%	4.26%	4.20%	7.00%	8.33%	4.37%	3.81%	5.04%	4.20%	5.65%	3.97%	5.47%	6.45%	6.00%	7.49%	8.49%	8.42%	7.09%	9.94%	7.63%	5.96%	11.25%	5.19%	6.76%	4.79%	2.76%	2.35%	6.76%	7.08%	6.50%	7.35%	5.73%	5.41%	5.86%	3.51%	0.80%	8.72%	5.24%	6.62%	5.15%	8.53%	7.29%	5.71%	7.59%	2.55%	5.34%	2.76%	6.79%	5.72%	6.94%	7.99%	5.56%	8.45%	6.02%	6.45%	5.01%	5.84%	7.63%	2.34%	7.84%	5.62%	7.57%	4.31%	6.52%									
20	Зюганов Геннадий Андреевич	13198	52	277	123	278	186	241	105	205	216	231	214	322	51	170	271	279	283	266	257	149	273	137	189	272	207	320	90	211	189	21	116	82	38	164	52	49	146	147	46	119	19	45	81	43	76	136	122	66	189	41	138	71	85	22	61	16	119	156	130	173	43	290	148	220	141	148	117	278	224	205	193	130	123	113	65	306	88	227	77	95	20	169	28	70	52	102	18	48	83	30	73	164	118	18	141									
		16.15%	14.81%	22.99%	9.74%	20.07%	19.54%	21.46%	20.87%	18.32%	15.56%	15.63%	11.25%	20.35%	15.60%	25.04%	19.51%	19.69%	22.30%	16.33%	18.57%	21.26%	23.16%	21.17%	25.99%	15.17%	16.79%	16.37%	9.81%	16.76%	21.31%	15.56%	20.90%	17.67%	14.73%	12.29%	10.40%	14.58%	18.77%	17.52%	17.83%	11.89%	10.73%	4.25%	15.82%	12.61%	13.82%	13.96%	18.18%	17.37%	16.54%	12.73%	19.49%	15.11%	17.71%	10.38%	12.50%	8.51%	17.27%	16.68%	15.68%	15.92%	15.52%	14.51%	11.61%	13.38%	15.88%	11.54%	13.36%	20.72%	13.64%	15.97%	15.54%	22.18%	14.01%	15.01%	12.65%	19.48%	13.06%	17.43%	9.69%	14.68%	8.16%	16.27%	11.97%	13.75%	15.66%	12.90%	4.75%	15.58%	12.43%	14.02%	15.47%	21.44%	16.86%	8.61%	12.95%									
21	Миронов Сергей Михайлович	2788	15	60	25	27	66	55	14	53	67	49	56	88	12	27	51	76	29	3	38	30	50	23	52	57	64	79	17	57	29	4	3	9	14	25	11	8	25	48	17	26	6	23	21	12	17	55	35	16	46	7	19	19	29	9	17	2	17	8	29	46	4	74	39	55	33	33	9	51	54	38	30	41	53	12	16	50	12	14	16	20	5	39	7	20	10	15	9	15	15	7	13	19	16	1	51									
		3.41%	4.27%	4.98%	1.98%	1.95%	6.93%	4.90%	2.78%	4.74%	4.83%	3.32%	2.94%	5.56%	3.67%	3.98%	3.67%	5.36%	2.29%	0.18%	2.75%	4.28%	4.24%	3.55%	7.15%	3.18%	5.19%	4.04%	1.85%	4.53%	3.27%	2.96%	0.54%	1.94%	5.43%	1.87%	2.20%	2.38%	3.21%	5.72%	6.59%	2.60%	3.39%	2.17%	4.10%	3.52%	3.09%	5.65%	5.22%	4.21%	4.02%	2.17%	2.68%	4.04%	6.04%	4.25%	3.48%	1.06%	2.47%	0.86%	3.50%	4.23%	1.44%	3.70%	3.06%	3.35%	3.72%	2.57%	1.03%	3.80%	3.29%	2.96%	2.42%	6.99%	6.04%	1.59%	3.11%	3.18%	1.78%	1.08%	2.01%	3.09%	2.04%	3.75%	2.99%	3.93%	3.01%	1.90%	2.37%	4.87%	2.25%	3.27%	2.75%	2.48%	2.29%	0.48%	4.68%									
22	Прохоров Михаил Дмитриевич	5654	43	94	63	61	121	46	19	158	139	114	106	126	31	73	102	150	63	5	101	40	141	39	95	147	55	169	20	140	27	9	30	22	21	99	16	32	41	29	19	41	8	41	42	34	60	99	52	30	65	16	82	39	37	13	25	2	17	29	84	108	20	168	80	130	106	44	14	209	39	108	30	97	76	31	22	70	38	61	60	39	18	61	6	31	31	32	8	16	37	21	26	43	34	11	107									
		6.92%	12.25%	7.80%	4.99%	4.40%	12.71%	4.10%	3.78%	14.12%	10.01%	7.71%	5.57%	7.96%	9.48%	10.75%	7.34%	10.59%	4.96%	0.31%	7.30%	5.71%	11.96%	6.03%	13.07%	8.20%	4.46%	8.64%	2.18%	11.12%	3.04%	6.67%	5.41%	4.74%	8.14%	7.42%	3.20%	9.52%	5.27%	3.46%	7.36%	4.10%	4.52%	3.87%	8.20%	9.97%	10.91%	10.16%	7.75%	7.89%	5.69%	4.97%	11.58%	8.30%	7.71%	6.13%	5.12%	1.06%	2.47%	3.10%	10.13%	9.94%	7.22%	8.40%	6.27%	7.91%	11.94%	3.43%	1.60%	15.57%	2.38%	8.41%	2.42%	16.55%	8.66%	4.12%	4.28%	4.46%	5.64%	4.69%	7.55%	6.03%	7.35%	5.87%	2.56%	6.09%	9.34%	4.05%	2.11%	5.19%	5.54%	9.81%	5.51%	5.62%	4.86%	5.26%	9.83%									
23	Путин Владимир Владимирович	54374	206	652	997	970	481	720	321	633	890	980	1452	896	211	366	891	771	791	1232	897	447	612	418	339	1255	812	1250	755	777	607	96	360	309	169	979	381	209	512	567	156	758	131	902	332	227	359	587	389	230	734	221	407	311	269	154	344	158	507	699	522	670	185	1281	891	1135	547	1006	722	658	1208	829	914	261	553	537	367	1087	497	933	579	450	180	673	176	341	216	581	317	208	466	150	316	485	466	168	713									
		66.52%	58.69%	54.11%	78.94%	70.04%	50.53%	64.11%	63.82%	56.57%	64.12%	66.31%	76.34%	56.64%	64.53%	53.90%	64.15%	54.41%	62.33%	75.63%	64.81%	63.77%	51.91%	64.61%	46.63%	69.99%	65.86%	63.94%	82.33%	61.72%	68.43%	71.11%	64.86%	66.59%	65.50%	73.39%	76.20%	62.20%	65.81%	67.58%	60.47%	75.72%	74.01%	85.17%	64.84%	66.57%	65.27%	60.27%	57.97%	60.53%	64.22%	68.63%	57.49%	66.17%	56.04%	72.64%	70.49%	84.04%	73.58%	74.76%	62.97%	61.64%	66.79%	64.08%	69.88%	69.04%	61.60%	78.41%	82.42%	49.03%	73.57%	64.56%	73.59%	44.54%	62.98%	71.31%	71.40%	69.19%	73.74%	71.66%	72.83%	69.55%	73.47%	64.77%	75.21%	66.99%	65.06%	73.45%	83.64%	67.53%	69.76%	70.09%	66.95%	63.40%	66.57%	80.38%	65.47%									
																																																																																																										
																																																																																																										
																																																																																																										
																																																																																																										
																																																																																																										
																																																																																																										
																																																																																																										
																																																																																																										
																																																																																																										
																																																																																																										
																																																																																																										
																																																																																																										
																																																																																																										
																																																																																																										
																																																																																																										
																																																																																																										
																																																																																																										
																																																																																																										
																																																																																																										
																																																																																																										
																																																																																																										
																																																																																																										
																																																																																																										
																																																																																																										
																																																																																																										
																																																																																																										
																																																																																																										
