Выборы Президента Российской Федерации																																																																					
Дата голосования: 02.03.2008																																																																					
																																																																					
"Наименование Избирательной комиссии:    Рязань, Московская"																																																																					
																																																																					
Сводная таблица результатов выборов																																																																					
																																																																					
	Число участковых избирательных комиссий	62																																																																			
	"Число участковых избирательных комиссий, приступивших к передаче сведений"	62																																																																			
																																																																					
		Сумма	УИК №1018	УИК №1019	УИК №1020	УИК №1021	УИК №1022	УИК №1023	УИК №1024	УИК №1025	УИК №1026	УИК №1027	УИК №1028	УИК №1029	УИК №1030	УИК №1031	УИК №1032	УИК №1033	УИК №1034	УИК №1035	УИК №1036	УИК №1037	УИК №1038	УИК №1039	УИК №1040	УИК №1041	УИК №1042	УИК №1043	УИК №1044	УИК №1045	УИК №1046	УИК №1047	УИК №1048	УИК №1049	УИК №1050	УИК №1051	УИК №1052	УИК №1053	УИК №1054	УИК №1055	УИК №1056	УИК №1057	УИК №1058	УИК №1059	УИК №1060	УИК №1061	УИК №1062	УИК №1063	УИК №1064	УИК №1065	УИК №1066	УИК №1067	УИК №1068	УИК №1069	УИК №1070	УИК №1071	УИК №1072	УИК №1073	УИК №1074	УИК №1075	УИК №1076	УИК №1077	УИК №1078	УИК №1079					
1	"Число избирателей, включенных в списки избирателей"	144817	2612	2690	2637	2644	2598	2342	2030	2671	2722	2647	2617	2699	2541	1387	2773	2180	2088	1216	2544	2596	2507	1223	2193	2905	2109	2136	2251	2408	2833	2674	2446	2420	1902	2570	2942	2798	2791	2606	2565	2599	2610	949	2657	2291	2276	1224	2097	2478	2242	2566	2151	2574	2118	1601	2235	2115	2215	1977	2717	2413	1890	2309					
2	"Число избирательных бюллетеней, полученных участковыми избирательными комиссиями"	135500	2500	2500	2500	2500	2500	2200	1900	2500	2600	2500	2500	2600	2400	1200	2600	2000	1900	1100	2200	2400	2400	1000	2000	2700	2000	2000	2100	2300	2700	2500	2300	2300	1700	2400	2800	2600	2600	2500	2400	2500	2500	1000	2500	2100	2100	1100	2000	2400	2000	2400	2000	2400	2000	1500	2100	2000	2000	1800	2600	2300	1700	2100					
3	"Число избирательных бюллетеней, выданных избирателям, проголосовавшим досрочно"	0	0	0	0	0	0	0	0	0	0	0	0	0	0	0	0	0	0	0	0	0	0	0	0	0	0	0	0	0	0	0	0	0	0	0	0	0	0	0	0	0	0	0	0	0	0	0	0	0	0	0	0	0	0	0	0	0	0	0	0	0	0	0					
4	"Число избирательных бюллетеней, выданных в помещениях для голосования в день голосования"	83331	1531	1589	1518	1540	1283	1307	1137	1549	1530	1567	1550	1388	1509	805	1601	1165	1158	789	1404	1449	1519	719	1273	1492	1148	1218	1338	1440	1707	1530	1545	1386	1032	1259	1648	1555	1510	1477	1459	1524	1929	661	1651	1392	1266	777	1230	1384	1222	1386	1181	1350	1295	915	1403	1285	1425	1406	1716	1344	887	1078					
5	"Число избирательных бюллетеней, выданных вне помещений для голосования в день голосования"	3304	55	94	28	34	45	43	33	69	94	43	75	48	67	61	60	65	34	33	180	40	42	34	48	52	52	30	46	71	58	42	37	31	56	109	39	17	30	17	48	51	47	213	42	29	34	10	16	65	118	37	48	75	37	27	30	56	11	48	34	32	117	67					
6	Число погашенных избирательных бюллетеней	48844	913	817	954	926	1172	850	730	882	976	890	875	1164	824	334	939	770	708	270	616	911	839	245	679	1156	800	752	716	789	935	928	718	883	612	1032	1113	1028	1060	1006	893	925	524	126	797	679	800	313	754	951	660	977	771	975	668	558	667	659	564	346	850	924	696	955					
7	Число избирательных бюллетеней в переносных ящиках для голосования	3304	55	94	28	34	45	43	33	69	94	43	75	48	67	61	60	65	34	33	180	40	42	34	48	52	52	30	46	71	58	42	37	31	56	109	39	17	30	17	48	51	47	213	42	29	34	10	16	65	118	37	48	75	37	27	30	56	11	48	34	32	117	67					
8	Число бюллетеней в стационарных ящиках для голосования	82708	1531	1583	1512	1538	1280	1305	1135	1547	1530	1567	1550	1388	1509	805	1599	1165	1154	789	1404	1446	1519	683	1271	1488	1148	1218	1338	1437	1703	1527	1541	1384	1032	1259	1646	1554	1509	1477	1459	1524	1425	661	1651	1392	1266	777	1228	1379	1222	1386	1176	1349	1292	915	1403	1285	1422	1405	1716	1344	885	1075					
9	Число недействительных избирательных бюллетеней	1528	44	30	22	29	31	25	21	43	42	31	41	24	39	10	35	6	20	11	30	25	22	11	28	28	17	23	50	25	27	20	21	26	17	19	22	14	20	23	36	23	26	10	26	21	29	12	18	21	28	34	20	24	18	13	23	12	25	35	18	9	25	50					
10	Число действительных избирательных бюллетеней	84484	1542	1647	1518	1543	1294	1323	1147	1573	1582	1579	1584	1412	1537	856	1624	1224	1168	811	1554	1461	1539	706	1291	1512	1183	1225	1334	1483	1734	1549	1557	1389	1071	1349	1663	1557	1519	1471	1471	1552	1446	864	1667	1400	1271	775	1226	1423	1312	1389	1204	1400	1311	929	1410	1329	1408	1418	1732	1367	977	1092					
11	Число полученных открепительных  удостоверений	2070	30	30	30	60	30	30	30	30	30	30	30	30	30	30	30	30	30	30	30	30	30	30	30	30	30	30	30	30	30	30	30	30	30	30	30	30	30	30	30	30	60	0	30	30	30	30	30	30	30	30	30	30	30	30	30	60	50	100	90	30	30	30					
12	"Число открепительных удостоверений, выданных избирателям на избирательных участках"	1265	27	25	14	21	23	19	17	21	19	25	18	22	23	11	30	15	14	8	15	15	20	4	20	17	23	23	25	18	30	27	22	20	14	16	18	11	14	25	16	27	34	0	21	18	26	13	21	27	25	23	7	21	18	10	15	34	40	83	25	12	8	12					
13	"Число избирателей, проголосовавших по открепительным удостоверениям"	960	15	7	8	12	11	22	6	6	14	20	10	14	17	10	13	12	7	5	11	19	21	24	11	19	10	8	16	13	13	11	22	10	14	14	7	7	9	6	24	11	17	180	13	15	13	13	15	7	17	19	11	11	7	10	9	13	11	20	15	12	12	11					
14	Число неиспользованных открепительных удостоверений	805	3	5	16	39	7	11	13	9	11	5	12	8	7	19	0	15	16	22	15	15	10	26	10	13	7	7	5	12	0	3	8	10	16	14	12	19	16	5	14	3	26	0	9	12	4	17	9	3	5	7	23	9	12	20	15	26	10	17	65	18	22	18					
15	"Число открепительных удостоверений, выданных избирателям ТИК"	26	0	0	0	1	3	0	0	0	0	0	0	0	0	0	0	0	0	0	0	2	0	0	1	0	0	0	0	0	0	0	0	0	0	0	0	0	0	0	2	2	0	0	2	0	0	1	1	0	0	0	0	0	0	0	0	1	0	2	7	1	0	0					
16	Число утраченных избирательных бюллетеней	21	1	0	0	0	0	0	0	0	0	0	0	0	0	0	0	0	0	8	0	0	0	2	0	0	0	0	0	0	0	0	0	0	0	0	0	0	0	0	0	0	0	0	10	0	0	0	0	0	0	0	0	0	0	0	0	0	0	0	0	0	0	0					
17	"Число избирательных бюллетеней, не учтенных при получении"	0	0	0	0	0	0	0	0	0	0	0	0	0	0	0	0	0	0	0	0	0	0	0	0	0	0	0	0	0	0	0	0	0	0	0	0	0	0	0	0	0	0	0	0	0	0	0	0	0	0	0	0	0	0	0	0	0	0	0	0	0	0	0					
17а	Число утраченных открепительных удостоверений	0	0	0	0	0	0	0	0	0	0	0	0	0	0	0	0	0	0	0	0	0	0	0	0	0	0	0	0	0	0	0	0	0	0	0	0	0	0	0	0	0	0	0	0	0	0	0	0	0	0	0	0	0	0	0	0	0	0	0	0	0	0	0					
17б	"Число открепительных удостоверений, не учтенных при получении"	0	0	0	0	0	0	0	0	0	0	0	0	0	0	0	0	0	0	0	0	0	0	0	0	0	0	0	0	0	0	0	0	0	0	0	0	0	0	0	0	0	0	0	0	0	0	0	0	0	0	0	0	0	0	0	0	0	0	0	0	0	0	0					
"Число голосов избирателей, поданных за каждый список"																																																																					
18	Богданов Андрей Владимирович	1515	28	47	24	31	37	27	25	27	28	45	32	33	23	16	24	30	26	10	33	19	24	15	21	28	20	20	19	17	27	33	27	20	18	17	30	30	17	18	19	13	26	9	30	28	25	15	27	29	22	21	22	21	25	12	21	21	24	34	31	26	22	26					
		1.76%	1.77%	2.80%	1.56%	1.97%	2.79%	2.00%	2.14%	1.67%	1.72%	2.80%	1.97%	2.30%	1.46%	1.85%	1.45%	2.44%	2.19%	1.22%	2.08%	1.28%	1.54%	2.09%	1.59%	1.82%	1.67%	1.60%	1.37%	1.13%	1.53%	2.10%	1.71%	1.41%	1.65%	1.24%	1.78%	1.91%	1.10%	1.20%	1.26%	0.83%	1.77%	1.03%	1.77%	1.97%	1.92%	1.91%	2.17%	2.01%	1.64%	1.48%	1.80%	1.47%	1.88%	1.27%	1.47%	1.57%	1.67%	2.34%	1.77%	1.89%	2.20%	2.28%					
19	Жириновский Владимир Вольфович	11154	167	230	227	193	156	182	132	208	190	197	194	212	167	96	224	110	187	117	184	191	208	80	149	196	133	151	152	151	227	202	223	216	135	194	255	238	216	239	192	183	192	150	202	195	169	88	163	154	145	182	177	190	166	103	172	178	161	305	309	204	118	127					
		12.97%	10.53%	13.71%	14.74%	12.28%	11.77%	13.50%	11.30%	12.87%	11.70%	12.24%	11.94%	14.76%	10.60%	11.09%	13.50%	8.94%	15.74%	14.23%	11.62%	12.85%	13.32%	11.16%	11.30%	12.73%	11.08%	12.10%	10.98%	10.01%	12.89%	12.87%	14.13%	15.27%	12.41%	14.18%	15.13%	15.15%	14.04%	15.99%	12.74%	11.62%	13.04%	17.16%	11.93%	13.72%	13.00%	11.18%	13.10%	10.66%	10.82%	12.79%	14.46%	13.34%	12.49%	10.93%	12.00%	13.27%	11.24%	20.99%	17.66%	14.83%	11.78%	11.12%					
20	Зюганов Геннадий Андреевич	23164	453	450	380	455	337	367	322	528	478	507	475	367	460	269	458	393	255	148	392	432	424	221	374	346	390	355	388	457	496	429	454	351	336	319	399	381	365	379	427	424	390	175	492	382	328	236	353	395	360	440	307	396	404	302	426	365	369	263	308	386	199	247					
		26.93%	28.56%	26.83%	24.68%	28.94%	25.43%	27.23%	27.57%	32.67%	29.43%	31.49%	29.23%	25.56%	29.19%	31.06%	27.61%	31.95%	21.46%	18.00%	24.75%	29.07%	27.16%	30.82%	28.35%	22.47%	32.50%	28.45%	28.03%	30.31%	28.17%	27.34%	28.77%	24.81%	30.88%	23.32%	23.68%	24.25%	23.72%	25.37%	28.33%	26.92%	26.49%	20.02%	29.06%	26.88%	25.23%	29.99%	28.38%	27.35%	26.87%	30.92%	25.08%	27.81%	30.40%	32.06%	29.73%	27.22%	25.75%	18.10%	17.60%	28.05%	19.86%	21.63%					
21	Медведев Дмитрий Анатольевич	48651	894	920	887	864	764	747	668	810	886	830	883	800	887	475	918	691	700	536	945	819	883	390	747	942	640	699	775	858	984	885	853	802	582	819	979	908	921	835	833	932	838	530	943	795	749	436	683	845	785	746	698	793	716	512	791	765	854	816	1084	751	638	692					
		56.56%	56.37%	54.86%	57.60%	54.96%	57.66%	55.42%	57.19%	50.12%	54.56%	51.55%	54.34%	55.71%	56.28%	54.85%	55.33%	56.18%	58.92%	65.21%	59.66%	55.11%	56.57%	54.39%	56.63%	61.17%	53.33%	56.01%	55.99%	56.90%	55.88%	56.41%	54.06%	56.68%	53.49%	59.87%	58.10%	57.80%	59.84%	55.89%	55.28%	59.17%	56.93%	60.64%	55.70%	55.95%	57.62%	55.40%	54.90%	58.52%	58.58%	52.42%	57.03%	55.69%	53.88%	54.35%	55.20%	57.05%	59.60%	56.16%	61.94%	54.58%	63.67%	60.60%					
																																																																					
																																																																					
																																																																					
																																																																					
																																																																					
																																																																					
																																																																					
																																																																					
																																																																					
																																																																					
																																																																					
																																																																					
																																																																					
																																																																					
																																																																					
																																																																					
																																																																					
																																																																					
