Выборы Президента Российской Федерации																																																
Дата голосования: 02.03.2008																																																
																																																
Наименование Избирательной комиссии:    Иловлинская																																																
																																																
Сводная таблица результатов выборов																																																
																																																
	Число участковых избирательных комиссий	41																																														
	"Число участковых избирательных комиссий, приступивших к передаче сведений"	41																																														
																																																
		Сумма	УИК №804	УИК №805	УИК №806	УИК №807	УИК №808	УИК №809	УИК №810	УИК №811	УИК №812	УИК №813	УИК №814	УИК №815	УИК №816	УИК №817	УИК №818	УИК №819	УИК №820	УИК №821	УИК №822	УИК №823	УИК №824	УИК №825	УИК №826	УИК №827	УИК №828	УИК №829	УИК №830	УИК №831	УИК №832	УИК №833	УИК №834	УИК №835	УИК №836	УИК №837	УИК №838	УИК №839	УИК №840	УИК №841	УИК №842	УИК №843	УИК №844					
1	"Число избирателей, включенных в списки избирателей"	21741	1306	1420	1417	1455	1272	727	287	200	569	195	310	1223	1202	141	439	89	516	172	643	645	223	142	232	565	179	900	1037	112	85	1390	271	140	615	97	53	45	552	102	142	494	137					
2	"Число избирательных бюллетеней, полученных участковыми избирательными комиссиями"	20877	1200	1300	1300	1300	1200	700	290	193	570	200	315	1200	1200	138	435	92	500	172	620	640	230	135	235	570	175	850	1000	113	89	1300	260	150	615	90	52	48	520	104	140	500	136					
3	"Число избирательных бюллетеней, выданных избирателям, проголосовавшим досрочно"	0	0	0	0	0	0	0	0	0	0	0	0	0	0	0	0	0	0	0	0	0	0	0	0	0	0	0	0	0	0	0	0	0	0	0	0	0	0	0	0	0	0					
4	"Число избирательных бюллетеней, выданных в помещениях для голосования в день голосования"	13691	786	755	786	756	689	368	201	128	339	166	200	856	848	93	396	67	372	157	383	443	145	111	186	438	149	461	667	100	69	768	147	96	383	73	43	43	380	84	108	344	107					
5	"Число избирательных бюллетеней, выданных вне помещений для голосования в день голосования"	2844	128	43	41	66	115	106	66	27	130	22	72	158	122	40	37	22	102	14	135	158	28	19	16	47	15	112	187	9	8	233	99	3	154	17	7	2	122	18	30	97	17					
6	Число погашенных избирательных бюллетеней	4342	286	502	473	478	396	226	23	38	101	12	43	186	230	5	2	3	26	1	102	39	57	5	33	85	11	277	146	4	12	299	14	51	78	0	2	3	18	2	2	59	12					
7	Число избирательных бюллетеней в переносных ящиках для голосования	2844	128	43	41	66	115	106	66	27	130	22	72	158	122	40	37	22	102	14	135	158	28	19	16	47	15	112	187	9	8	233	99	3	154	17	7	2	122	18	30	97	17					
8	Число бюллетеней в стационарных ящиках для голосования	13688	784	755	785	756	689	368	201	128	339	166	200	856	848	93	396	67	372	157	383	443	145	111	186	438	149	461	667	100	69	768	147	96	383	73	43	43	380	84	108	344	107					
9	Число недействительных избирательных бюллетеней	116	13	8	6	3	2	3	1	0	2	0	1	4	7	2	0	0	1	3	4	4	1	0	0	2	3	11	7	0	0	8	1	0	6	0	0	0	5	1	2	4	1					
10	Число действительных избирательных бюллетеней	16416	899	790	820	819	802	471	266	155	467	188	271	1010	963	131	433	89	473	168	514	597	172	130	202	483	161	562	847	109	77	993	245	99	531	90	50	45	497	101	136	437	123					
11	Число полученных открепительных  удостоверений	293	5	15	15	5	7	6	3	3	5	3	3	8	15	3	7	3	45	8	5	15	3	3	3	7	3	5	7	3	5	10	3	3	15	10	3	3	7	3	3	10	5					
12	"Число открепительных удостоверений, выданных избирателям на избирательных участках"	233	4	15	13	4	7	6	0	0	5	0	2	8	11	3	7	1	45	8	3	15	0	0	1	7	0	5	7	1	2	10	3	1	15	0	1	0	7	3	0	10	3					
13	"Число избирателей, проголосовавших по открепительным удостоверениям"	139	7	5	7	5	3	3	2	0	3	1	1	3	7	2	4	1	2	3	4	3	2	4	1	0	2	9	21	2	1	8	2	6	6	2	2	0	1	0	0	3	1					
14	Число неиспользованных открепительных удостоверений	60	1	0	2	1	0	0	3	3	0	3	1	0	4	0	0	2	0	0	2	0	3	3	2	0	3	0	0	2	3	0	0	2	0	10	2	3	0	0	3	0	2					
15	"Число открепительных удостоверений, выданных избирателям ТИК"	7	0	0	3	0	0	0	0	0	1	0	0	0	1	0	0	0	0	0	0	0	0	0	0	0	0	1	0	0	0	0	0	0	0	1	0	0	0	0	0	0	0					
16	Число утраченных избирательных бюллетеней	0	0	0	0	0	0	0	0	0	0	0	0	0	0	0	0	0	0	0	0	0	0	0	0	0	0	0	0	0	0	0	0	0	0	0	0	0	0	0	0	0	0					
17	"Число избирательных бюллетеней, не учтенных при получении"	0	0	0	0	0	0	0	0	0	0	0	0	0	0	0	0	0	0	0	0	0	0	0	0	0	0	0	0	0	0	0	0	0	0	0	0	0	0	0	0	0	0					
17а	Число утраченных открепительных удостоверений	0	0	0	0	0	0	0	0	0	0	0	0	0	0	0	0	0	0	0	0	0	0	0	0	0	0	0	0	0	0	0	0	0	0	0	0	0	0	0	0	0	0					
17б	"Число открепительных удостоверений, не учтенных при получении"	0	0	0	0	0	0	0	0	0	0	0	0	0	0	0	0	0	0	0	0	0	0	0	0	0	0	0	0	0	0	0	0	0	0	0	0	0	0	0	0	0	0					
"Число голосов избирателей, поданных за каждый список"																																																
18	Богданов Андрей Владимирович	186	11	8	7	4	9	5	4	3	10	6	5	10	7	1	6	2	2	0	4	9	1	1	3	8	1	6	7	2	0	13	3	0	11	0	0	1	6	0	3	5	2					
		1.13%	1.21%	1.00%	0.85%	0.49%	1.12%	1.05%	1.50%	1.94%	2.13%	3.19%	1.84%	0.99%	0.72%	0.75%	1.39%	2.25%	0.42%	0.00%	0.77%	1.50%	0.58%	0.77%	1.49%	1.65%	0.61%	1.05%	0.82%	1.83%	0.00%	1.30%	1.22%	0.00%	2.05%	0.00%	0.00%	2.22%	1.20%	0.00%	2.17%	1.13%	1.61%					
19	Жириновский Владимир Вольфович	2150	117	104	121	118	101	74	33	30	70	14	30	137	139	18	69	13	76	19	63	57	25	17	17	57	26	58	90	12	12	124	30	21	70	16	2	5	49	8	13	75	20					
		13.01%	12.83%	13.03%	14.65%	14.36%	12.56%	15.61%	12.36%	19.35%	14.93%	7.45%	11.03%	13.51%	14.33%	13.53%	15.94%	14.61%	16.03%	11.11%	12.16%	9.48%	14.45%	13.08%	8.42%	11.75%	15.85%	10.12%	10.54%	11.01%	15.58%	12.39%	12.20%	21.21%	13.04%	17.78%	4.00%	11.11%	9.76%	7.84%	9.42%	17.01%	16.13%					
20	Зюганов Геннадий Андреевич	4042	224	202	186	240	196	103	57	40	95	31	54	319	310	34	100	37	102	52	125	141	36	30	39	95	26	110	218	31	15	187	47	21	145	28	16	5	150	29	9	121	36					
		24.45%	24.56%	25.31%	22.52%	29.20%	24.38%	21.73%	21.35%	25.81%	20.26%	16.49%	19.85%	31.46%	31.96%	25.56%	23.09%	41.57%	21.52%	30.41%	24.13%	23.46%	20.81%	23.08%	19.31%	19.59%	15.85%	19.20%	25.53%	28.44%	19.48%	18.68%	19.11%	21.21%	27.00%	31.11%	32.00%	11.11%	29.88%	28.43%	6.52%	27.44%	29.03%					
21	Медведев Дмитрий Анатольевич	10038	547	476	506	457	496	289	172	82	292	137	182	544	507	78	258	37	293	97	322	390	110	82	143	323	108	388	532	64	50	669	165	57	305	46	32	34	292	64	111	236	65					
		60.72%	59.98%	59.65%	61.26%	55.60%	61.69%	60.97%	64.42%	52.90%	62.26%	72.87%	66.91%	53.65%	52.27%	58.65%	59.58%	41.57%	61.81%	56.73%	62.16%	64.89%	63.58%	63.08%	70.79%	66.60%	65.85%	67.71%	62.30%	58.72%	64.94%	66.83%	67.07%	57.58%	56.80%	51.11%	64.00%	75.56%	58.17%	62.75%	80.43%	53.51%	52.42%					
																																																
																																																
																																																
																																																
																																																
																																																
																																																
																																																
																																																
																																																
																																																
																																																
																																																
																																																
																																																
																																																
																																																
																																																
