Выборы Президента Российской Федерации																																															
Дата голосования: 02.03.2008																																															
																																															
Наименование Избирательной комиссии:    Шербакульская																																															
																																															
Сводная таблица результатов выборов																																															
																																															
	Число участковых избирательных комиссий	40																																													
	"Число участковых избирательных комиссий, приступивших к передаче сведений"	40																																													
																																															
		Сумма	УИК №1883	УИК №1884	УИК №1885	УИК №1886	УИК №1887	УИК №1888	УИК №1889	УИК №1890	УИК №1891	УИК №1892	УИК №1893	УИК №1894	УИК №1895	УИК №1896	УИК №1897	УИК №1898	УИК №1899	УИК №1900	УИК №1901	УИК №1902	УИК №1903	УИК №1904	УИК №1905	УИК №1906	УИК №1907	УИК №1908	УИК №1909	УИК №1910	УИК №1911	УИК №1912	УИК №1913	УИК №1914	УИК №1915	УИК №1916	УИК №1917	УИК №1918	УИК №1919	УИК №1920	УИК №1921	УИК №1922					
1	"Число избирателей, включенных в списки избирателей"	16707	1974	1968	1809	585	82	136	681	100	49	107	921	123	1055	142	162	345	103	582	208	251	71	139	1068	98	778	279	241	38	87	114	657	159	133	48	575	144	87	135	149	324					
2	"Число избирательных бюллетеней, полученных участковыми избирательными комиссиями"	18303	1952	2013	1915	666	108	165	774	112	66	124	984	146	1151	185	177	405	130	774	251	309	89	177	1154	97	898	306	268	66	102	138	699	179	137	51	614	167	104	147	161	342					
3	"Число избирательных бюллетеней, выданных избирателям, проголосовавшим досрочно"	0	0	0	0	0	0	0	0	0	0	0	0	0	0	0	0	0	0	0	0	0	0	0	0	0	0	0	0	0	0	0	0	0	0	0	0	0	0	0	0	0					
4	"Число избирательных бюллетеней, выданных в помещениях для голосования в день голосования"	13239	1242	1277	1234	518	74	121	555	93	49	92	848	113	831	134	124	299	88	476	179	230	66	139	844	94	650	241	194	26	48	106	645	146	131	48	498	130	84	129	144	299					
5	"Число избирательных бюллетеней, выданных вне помещений для голосования в день голосования"	1171	208	108	132	49	8	9	98	7	0	10	49	6	85	2	14	21	6	91	26	15	2	0	38	3	64	18	26	10	3	7	12	9	0	0	29	1	0	0	0	5					
6	Число погашенных избирательных бюллетеней	3893	502	628	549	99	26	35	121	12	17	22	87	27	235	49	39	85	36	207	46	64	21	38	272	0	184	47	48	30	51	25	42	24	6	3	87	36	20	18	17	38					
7	Число избирательных бюллетеней в переносных ящиках для голосования	1171	208	108	132	49	8	9	98	7	0	10	49	6	85	2	14	21	6	91	26	15	2	0	38	3	64	18	26	10	3	7	12	9	0	0	29	1	0	0	0	5					
8	Число бюллетеней в стационарных ящиках для голосования	13239	1242	1277	1234	518	74	121	555	93	49	92	848	113	831	134	124	299	88	476	179	230	66	139	844	94	650	241	194	26	48	106	645	146	131	48	498	130	84	129	144	299					
9	Число недействительных избирательных бюллетеней	156	15	20	22	2	0	1	6	0	1	0	7	0	10	1	2	9	1	12	2	2	2	0	14	0	3	2	3	0	0	0	11	1	1	0	2	1	0	1	1	1					
10	Число действительных избирательных бюллетеней	14254	1435	1365	1344	565	82	129	647	100	48	102	890	119	906	135	136	311	93	555	203	243	66	139	868	97	711	257	217	36	51	113	646	154	130	48	525	130	84	128	143	303					
11	Число полученных открепительных  удостоверений	1791	115	100	115	90	28	27	110	19	13	20	65	20	80	30	15	50	30	183	48	48	17	33	75	0	110	35	30	25	30	25	65	20	10	5	20	20	10	10	20	25					
12	"Число открепительных удостоверений, выданных избирателям на избирательных участках"	1791	115	100	115	90	28	27	110	19	13	20	65	20	80	30	15	50	30	183	48	48	17	33	75	0	110	35	30	25	30	25	65	20	10	5	20	20	10	10	20	25					
13	"Число избирателей, проголосовавших по открепительным удостоверениям"	347	29	39	18	7	2	2	24	3	2	4	18	1	18	1	4	8	5	16	18	7	12	2	12	2	17	8	10	4	1	1	17	1	3	2	21	0	1	2	3	2					
14	Число неиспользованных открепительных удостоверений	0	0	0	0	0	0	0	0	0	0	0	0	0	0	0	0	0	0	0	0	0	0	0	0	0	0	0	0	0	0	0	0	0	0	0	0	0	0	0	0	0					
15	"Число открепительных удостоверений, выданных избирателям ТИК"	159	12	13	16	1	0	0	7	0	0	0	9	0	11	7	0	2	0	13	9	0	5	1	18	0	1	0	1	0	2	0	0	0	1	0	19	1	2	1	5	2					
16	Число утраченных избирательных бюллетеней	0	0	0	0	0	0	0	0	0	0	0	0	0	0	0	0	0	0	0	0	0	0	0	0	0	0	0	0	0	0	0	0	0	0	0	0	0	0	0	0	0					
17	"Число избирательных бюллетеней, не учтенных при получении"	0	0	0	0	0	0	0	0	0	0	0	0	0	0	0	0	0	0	0	0	0	0	0	0	0	0	0	0	0	0	0	0	0	0	0	0	0	0	0	0	0					
17а	Число утраченных открепительных удостоверений	0	0	0	0	0	0	0	0	0	0	0	0	0	0	0	0	0	0	0	0	0	0	0	0	0	0	0	0	0	0	0	0	0	0	0	0	0	0	0	0	0					
17б	"Число открепительных удостоверений, не учтенных при получении"	0	0	0	0	0	0	0	0	0	0	0	0	0	0	0	0	0	0	0	0	0	0	0	0	0	0	0	0	0	0	0	0	0	0	0	0	0	0	0	0	0					
"Число голосов избирателей, поданных за каждый список"																																															
18	Богданов Андрей Владимирович	120	17	21	13	2	1	2	12	0	0	0	2	1	4	1	2	3	0	2	3	1	0	2	2	0	5	1	1	0	0	0	5	2	2	0	4	1	2	2	1	3					
		0.83%	1.17%	1.52%	0.95%	0.35%	1.22%	1.54%	1.84%	0.00%	0.00%	0.00%	0.22%	0.84%	0.44%	0.74%	1.45%	0.94%	0.00%	0.35%	1.46%	0.41%	0.00%	1.44%	0.23%	0.00%	0.70%	0.39%	0.45%	0.00%	0.00%	0.00%	0.76%	1.29%	1.53%	0.00%	0.76%	0.76%	2.38%	1.55%	0.69%	0.99%					
19	Жириновский Владимир Вольфович	1690	235	216	215	94	14	9	74	24	2	14	78	20	106	5	2	48	21	51	26	18	2	1	60	0	83	36	29	4	2	4	70	16	0	0	60	3	14	5	11	18					
		11.73%	16.21%	15.60%	15.74%	16.58%	17.07%	6.92%	11.33%	24.00%	4.08%	13.73%	8.70%	16.81%	11.57%	3.68%	1.45%	15.00%	22.34%	8.99%	12.68%	7.35%	2.94%	0.72%	6.80%	0.00%	11.62%	13.90%	13.18%	11.11%	3.92%	3.54%	10.65%	10.32%	0.00%	0.00%	11.39%	2.29%	16.67%	3.88%	7.64%	5.92%					
20	Зюганов Геннадий Андреевич	3031	307	319	331	123	22	26	147	24	6	35	158	17	158	71	30	62	22	147	47	77	20	75	190	10	92	62	39	7	12	30	82	29	27	4	73	45	13	20	16	56					
		21.03%	21.17%	23.03%	24.23%	21.69%	26.83%	20.00%	22.51%	24.00%	12.24%	34.31%	17.61%	14.29%	17.25%	52.21%	21.74%	19.38%	23.40%	25.93%	22.93%	31.43%	29.41%	53.96%	21.54%	10.31%	12.89%	23.94%	17.73%	19.44%	23.53%	26.55%	12.48%	18.71%	20.61%	8.33%	13.85%	34.35%	15.48%	15.50%	11.11%	18.42%					
21	Медведев Дмитрий Анатольевич	9413	876	809	785	346	45	92	414	52	40	53	652	81	638	58	102	198	50	355	127	147	44	61	616	87	531	158	148	25	37	79	489	107	101	44	388	81	55	101	115	226					
		65.32%	60.41%	58.41%	57.47%	61.02%	54.88%	70.77%	63.40%	52.00%	81.63%	51.96%	72.69%	68.07%	69.65%	42.65%	73.91%	61.88%	53.19%	62.61%	61.95%	60.00%	64.71%	43.88%	69.84%	89.69%	74.37%	61.00%	67.27%	69.44%	72.55%	69.91%	74.43%	69.03%	77.10%	91.67%	73.62%	61.83%	65.48%	78.29%	79.86%	74.34%					
																																															
																																															
																																															
																																															
																																															
																																															
																																															
																																															
																																															
																																															
																																															
																																															
																																															
																																															
																																															
																																															
																																															
																																															
