Выборы Президента Российской Федерации																																																																																																			
Дата голосования: 04.03.2012																																																																																																			
																																																																																																			
Наименование Избирательной комиссии:    Великий Новгород																																																																																																			
																																																																																																			
Сводная таблица итогов голосования																																																																																																			
																																																																																																			
	Число участковых избирательных комиссий	88																																																																																																	
	Число участковых избирательных комиссий, приступивших к передаче сведений	88																																																																																																	
																																																																																																			
		Сумма	УИК №212	УИК №213	УИК №214	УИК №215	УИК №216	УИК №217	УИК №218	УИК №219	УИК №220	УИК №221	УИК №222	УИК №223	УИК №224	УИК №225	УИК №226	УИК №227	УИК №228	УИК №229	УИК №230	УИК №231	УИК №232	УИК №233	УИК №234	УИК №235	УИК №236	УИК №237	УИК №238	УИК №239	УИК №240	УИК №241	УИК №242	УИК №243	УИК №244	УИК №245	УИК №246	УИК №247	УИК №248	УИК №249	УИК №250	УИК №251	УИК №252	УИК №253	УИК №254	УИК №255	УИК №256	УИК №257	УИК №258	УИК №259	УИК №260	УИК №261	УИК №262	УИК №263	УИК №264	УИК №265	УИК №266	УИК №267	УИК №268	УИК №269	УИК №270	УИК №271	УИК №272	УИК №273	УИК №274	УИК №275	УИК №276	УИК №277	УИК №278	УИК №279	УИК №280	УИК №281	УИК №282	УИК №283	УИК №284	УИК №285	УИК №286	УИК №287	УИК №288	УИК №289	УИК №290	УИК №291	УИК №292	УИК №293	УИК №294	УИК №295	УИК №296	УИК №297	УИК №298	УИК №299									
1	Число избирателей, включенных в список избирателей	184923	1484	1599	1454	2228	2171	2761	2757	2788	2020	1768	2225	2713	2675	2085	2636	2147	1861	1059	2346	1851	1052	1968	878	2126	1577	2575	2598	2575	2286	1582	2303	1629	2614	2168	2161	2710	2756	1970	2471	2627	2135	2166	2178	1799	2822	2642	2557	2605	2705	2143	2166	1714	2541	1717	2194	2249	1429	2404	1849	2258	2075	2857	1935	2558	2272	2717	1292	2404	1209	2268	2401	2211	2657	1581	2086	2073	1228	2934	1293	1853	1336	3111	2435	897	1379	1129	1838	1367									
2	Число избирательных бюллетеней, полученных участковой избирательной комиссией	166400	1200	1400	1300	1800	1900	2500	2600	2500	1800	1600	2000	2500	2400	1800	2400	1900	1600	800	2100	1500	900	1700	800	1800	1400	2300	2400	2400	2100	1400	2000	1400	2300	1900	1900	2500	2500	1700	2300	2400	1900	2000	2000	1700	2600	2400	2400	2400	2500	2000	2000	1600	2300	1600	2000	2200	1300	2200	1700	2000	1900	2600	1700	2400	2100	2100	1100	2200	1100	2100	2200	2000	2500	1400	1900	1900	1100	2700	1200	1700	1200	2600	2200	800	1200	1100	1700	1200									
3	Число избирательных бюллетеней, выданных избирателям, проголосовавшим досрочно	0	0	0	0	0	0	0	0	0	0	0	0	0	0	0	0	0	0	0	0	0	0	0	0	0	0	0	0	0	0	0	0	0	0	0	0	0	0	0	0	0	0	0	0	0	0	0	0	0	0	0	0	0	0	0	0	0	0	0	0	0	0	0	0	0	0	0	0	0	0	0	0	0	0	0	0	0	0	0	0	0	0	0	0	0	0	0	0	0									
4	Число избирательных бюллетеней, выданных в помещении для голосования в день голосования	106905	811	874	808	1163	1255	1688	1526	1494	1303	1039	1191	1565	1657	1292	1581	1255	1060	729	1349	1040	581	1134	380	1070	828	1562	1449	1318	1377	900	1240	788	1347	1196	1173	1502	1593	1105	1611	1623	1361	1375	1371	1092	1682	1734	1601	1549	1624	1132	1326	989	1369	1065	1373	1269	851	1397	1009	1373	1322	1694	1174	1488	1323	1442	836	1401	683	1307	1342	1240	1574	1020	1209	1252	677	1598	754	1099	816	1329	1376	449	856	644	1123	878									
5	Число избирательных бюллетеней, выданных вне помещения для голосования в день голосования	2723	87	11	13	69	12	14	33	35	25	19	23	22	20	30	32	14	17	10	22	129	9	27	2	258	29	7	29	14	21	12	25	35	15	33	22	27	22	7	11	18	22	8	14	7	15	14	22	31	19	22	21	22	179	10	10	14	16	20	16	18	20	22	20	18	8	11	21	35	15	7	16	26	13	8	35	18	14	26	23	17	12	514	11	4	17	11	10	11									
6	Число погашенных избирательных бюллетеней	56772	302	515	479	568	633	798	1041	971	472	542	786	913	723	478	787	631	523	61	729	331	310	539	418	472	543	731	922	1068	702	488	735	577	938	671	705	971	885	588	678	759	517	617	615	601	903	652	777	820	857	846	653	589	752	525	617	917	433	783	675	609	558	884	506	894	769	647	243	764	402	786	842	734	913	372	656	630	409	1076	423	584	372	757	813	347	327	445	567	311									
7	Число избирательных бюллетеней в переносных ящиках для голосования	2723	87	11	13	69	12	14	33	35	25	19	23	22	20	30	32	14	17	10	22	129	9	27	2	258	29	7	29	14	21	12	25	35	15	33	22	27	22	7	11	18	22	8	14	7	15	14	22	31	19	22	21	22	179	10	10	14	16	20	16	18	20	22	20	18	8	11	21	35	15	7	16	26	13	8	35	18	14	26	23	17	12	514	11	4	17	11	10	11									
8	Число бюллетеней в стационарных ящиках для голосования	106831	811	873	806	1163	1255	1688	1526	1494	1302	1037	1187	1565	1656	1292	1580	1253	1059	729	1349	1036	581	1132	380	1068	828	1562	1447	1318	1376	900	1237	782	1346	1196	1172	1501	1593	1105	1608	1623	1359	1375	1370	1091	1681	1733	1601	1549	1624	1130	1326	989	1369	1065	1372	1268	851	1393	1009	1373	1322	1694	1174	1487	1321	1442	834	1401	682	1305	1342	1239	1574	1018	1208	1252	677	1597	753	1098	814	1329	1374	449	856	644	1123	878									
9	Число недействительных избирательных бюллетеней	1333	14	6	11	9	18	12	17	21	19	11	19	22	26	17	15	13	19	4	24	22	11	14	8	15	10	18	13	10	17	16	16	8	10	19	13	10	26	19	18	24	8	13	17	9	17	31	20	25	8	13	13	18	22	10	11	18	15	15	10	23	15	20	16	19	7	14	6	22	13	22	16	14	18	13	20	18	12	17	6	8	12	39	15	3	14	5	10	9									
10	Число действительных избирательных бюллетеней	108221	884	878	808	1223	1249	1690	1542	1508	1308	1045	1191	1565	1650	1305	1597	1254	1057	735	1347	1143	579	1145	374	1311	847	1551	1463	1322	1380	896	1246	809	1351	1210	1181	1518	1589	1093	1601	1617	1373	1370	1367	1089	1679	1716	1603	1555	1635	1139	1334	993	1526	1065	1371	1264	852	1398	1015	1368	1327	1696	1178	1486	1322	1439	849	1414	684	1290	1342	1251	1569	1013	1223	1252	679	1606	770	1107	814	1804	1370	450	859	650	1123	880									
11	Число полученных открепительных  удостоверений	3405	30	30	30	40	30	50	100	140	30	30	30	40	30	50	50	40	30	30	30	30	30	30	30	30	30	50	50	50	40	100	40	30	40	30	30	40	40	45	40	50	30	30	40	30	40	40	50	50	50	40	40	30	30	30	30	30	30	40	30	40	30	40	40	50	30	40	30	30	30	30	30	30	40	30	30	30	40	50	30	30	30	70	40	30	30	30	30	30									
12	Число открепительных удостоверений, выданных избирателям на избирательном участке	2174	9	19	17	26	22	39	84	92	23	19	19	39	29	31	35	23	25	11	24	21	13	26	9	16	6	27	29	23	27	69	29	21	26	15	13	29	23	35	22	24	27	29	23	22	25	29	33	30	32	27	25	23	21	12	29	19	21	24	19	20	23	27	20	34	20	24	16	25	8	22	19	22	27	22	12	22	11	36	16	14	12	51	35	8	14	15	24	16									
13	Число избирателей, проголосовавших по открепительным удостоверениям	1987	23	11	7	23	27	21	29	21	16	17	25	28	26	28	43	18	35	34	16	34	25	40	19	66	15	25	25	25	21	20	12	9	27	9	15	29	28	27	27	14	23	13	18	15	20	22	24	39	18	14	16	21	41	19	27	25	13	20	14	13	28	32	18	24	15	17	31	38	16	30	26	14	18	39	26	9	29	38	14	26	24	30	22	13	15	3	4	13									
14	Число неиспользованных открепительных удостоверений	1231	21	11	13	14	8	11	16	48	7	11	11	1	1	19	15	17	5	19	6	9	17	4	21	14	24	23	21	27	13	31	11	9	14	15	17	11	17	10	18	26	3	1	17	8	15	11	17	20	18	13	15	7	9	18	1	11	9	16	11	20	7	13	20	16	10	16	14	5	22	8	11	8	13	8	18	8	29	14	14	16	18	19	5	22	16	15	6	14									
15	Число открепительных удостоверений, выданных избирателям ТИК	52	0	0	0	0	0	1	3	0	2	0	0	0	1	1	0	1	1	0	0	1	0	0	0	0	1	0	1	0	0	0	0	2	0	0	0	2	1	0	0	0	1	0	0	0	0	1	0	1	1	0	1	0	0	0	0	0	0	1	3	0	1	2	0	2	0	0	2	0	1	1	0	0	1	1	5	2	0	0	0	0	3	0	1	1	2	0	0	0									
16	Число утраченных открепительных удостоверений	0	0	0	0	0	0	0	0	0	0	0	0	0	0	0	0	0	0	0	0	0	0	0	0	0	0	0	0	0	0	0	0	0	0	0	0	0	0	0	0	0	0	0	0	0	0	0	0	0	0	0	0	0	0	0	0	0	0	0	0	0	0	0	0	0	0	0	0	0	0	0	0	0	0	0	0	0	0	0	0	0	0	0	0	0	0	0	0	0									
17	Число утраченных избирательных бюллетеней	0	0	0	0	0	0	0	0	0	0	0	0	0	0	0	0	0	0	0	0	0	0	0	0	0	0	0	0	0	0	0	0	0	0	0	0	0	0	0	0	0	0	0	0	0	0	0	0	0	0	0	0	0	0	0	0	0	0	0	0	0	0	0	0	0	0	0	0	0	0	0	0	0	0	0	0	0	0	0	0	0	0	0	0	0	0	0	0	0									
18	Число избирательных бюллетеней, не учтенных при получении	0	0	0	0	0	0	0	0	0	0	0	0	0	0	0	0	0	0	0	0	0	0	0	0	0	0	0	0	0	0	0	0	0	0	0	0	0	0	0	0	0	0	0	0	0	0	0	0	0	0	0	0	0	0	0	0	0	0	0	0	0	0	0	0	0	0	0	0	0	0	0	0	0	0	0	0	0	0	0	0	0	0	0	0	0	0	0	0	0									
																																																																																																			
19	Жириновский Владимир Вольфович	7724	70	66	75	91	86	102	118	97	84	54	77	89	93	77	75	82	60	45	61	91	43	81	38	74	69	143	126	106	112	81	92	50	111	93	91	116	95	118	96	129	86	116	82	77	119	113	95	124	118	92	104	64	124	70	63	92	68	97	77	96	65	135	71	109	90	101	58	77	30	88	82	85	100	48	95	88	36	134	48	74	36	324	122	38	56	47	81	72									
		7.05%	7.80%	7.47%	9.16%	7.39%	6.79%	5.99%	7.57%	6.34%	6.33%	5.11%	6.36%	5.61%	5.55%	5.82%	4.65%	6.47%	5.58%	6.09%	4.45%	7.81%	7.29%	6.99%	9.95%	5.58%	8.05%	9.11%	8.54%	7.96%	8.02%	8.88%	7.29%	6.12%	8.16%	7.57%	7.62%	7.59%	5.88%	10.61%	5.93%	7.86%	6.23%	8.39%	5.92%	7.01%	7.02%	6.47%	5.85%	7.85%	7.18%	7.99%	7.72%	6.33%	8.01%	6.51%	4.56%	7.18%	7.84%	6.86%	7.51%	6.90%	4.84%	7.87%	5.95%	7.24%	6.77%	6.95%	6.78%	5.36%	4.30%	6.71%	6.04%	6.72%	6.30%	4.68%	7.64%	6.93%	5.21%	8.26%	6.19%	6.64%	4.36%	17.58%	8.81%	8.39%	6.41%	7.18%	7.15%	8.10%									
20	Зюганов Геннадий Андреевич	22060	148	162	174	249	251	405	314	290	244	233	225	316	339	290	388	266	228	149	300	237	108	231	62	256	176	346	301	255	345	171	240	142	253	235	226	283	299	205	307	350	262	322	270	244	287	353	349	308	316	184	280	176	310	211	289	247	178	295	210	286	280	317	281	303	239	340	185	313	141	252	264	251	338	205	234	271	151	320	156	233	154	312	287	71	183	135	274	194									
		20.14%	16.48%	18.33%	21.25%	20.21%	19.81%	23.80%	20.14%	18.97%	18.39%	22.06%	18.60%	19.91%	20.23%	21.94%	24.07%	20.99%	21.19%	20.16%	21.88%	20.34%	18.31%	19.93%	16.23%	19.31%	20.54%	22.05%	20.39%	19.14%	24.70%	18.75%	19.02%	17.38%	18.59%	19.12%	18.93%	18.52%	18.51%	18.44%	18.96%	21.33%	18.97%	23.28%	19.51%	22.22%	16.92%	20.21%	21.50%	19.49%	19.23%	15.97%	20.79%	17.41%	20.03%	19.63%	20.91%	19.27%	20.53%	20.88%	20.49%	20.56%	20.86%	18.47%	23.53%	20.13%	17.98%	23.40%	21.64%	21.80%	20.23%	19.21%	19.44%	19.84%	21.30%	19.98%	18.83%	21.34%	21.85%	19.72%	20.10%	20.90%	18.64%	16.93%	20.72%	15.67%	20.96%	20.61%	24.18%	21.82%									
21	Миронов Сергей Михайлович	7962	91	81	48	102	79	111	107	103	105	85	97	121	130	93	104	122	70	50	109	64	44	98	27	109	62	104	94	110	89	74	71	53	107	91	110	108	136	76	131	136	95	79	105	70	122	135	115	118	118	68	115	62	134	86	106	113	62	117	77	108	94	113	83	99	108	100	60	73	55	87	97	105	104	71	81	83	53	96	55	59	62	103	114	44	77	32	85	62									
		7.27%	10.13%	9.16%	5.86%	8.28%	6.24%	6.52%	6.86%	6.74%	7.91%	8.05%	8.02%	7.62%	7.76%	7.03%	6.45%	9.63%	6.51%	6.77%	7.95%	5.49%	7.46%	8.46%	7.07%	8.22%	7.23%	6.63%	6.37%	8.26%	6.37%	8.11%	5.63%	6.49%	7.86%	7.40%	9.21%	7.07%	8.42%	6.83%	8.09%	8.29%	6.88%	5.71%	7.59%	6.38%	7.19%	7.73%	7.09%	7.47%	7.18%	5.90%	8.54%	6.13%	8.66%	8.00%	7.67%	8.81%	7.15%	8.28%	7.51%	7.76%	7.00%	6.59%	6.95%	6.58%	8.13%	6.88%	7.02%	5.08%	7.89%	6.63%	7.14%	8.30%	6.55%	6.92%	6.52%	6.54%	7.67%	5.91%	7.09%	5.29%	7.51%	5.59%	8.23%	9.71%	8.82%	4.89%	7.50%	6.97%									
22	Прохоров Михаил Дмитриевич	12821	78	81	74	140	175	214	222	239	217	139	125	192	254	208	228	170	147	126	180	175	77	121	43	109	77	148	132	143	150	89	94	86	130	137	130	156	136	104	214	168	151	181	173	119	207	201	228	198	205	104	129	97	134	116	166	137	85	132	119	158	171	197	103	146	145	138	108	180	102	221	201	126	197	188	135	160	83	204	110	113	118	226	154	40	109	47	123	108									
		11.70%	8.69%	9.16%	9.04%	11.36%	13.81%	12.57%	14.24%	15.63%	16.35%	13.16%	10.33%	12.10%	15.16%	15.73%	14.14%	13.42%	13.66%	17.05%	13.13%	15.02%	13.05%	10.44%	11.26%	8.22%	8.98%	9.43%	8.94%	10.74%	10.74%	9.76%	7.45%	10.53%	9.55%	11.15%	10.89%	10.21%	8.42%	9.35%	13.22%	10.24%	10.93%	13.09%	12.50%	10.84%	12.21%	11.51%	14.05%	12.53%	12.48%	9.03%	9.58%	9.59%	8.66%	10.79%	12.01%	10.69%	9.80%	9.34%	11.61%	11.36%	12.74%	11.48%	8.63%	9.70%	10.91%	9.50%	12.63%	12.53%	14.63%	16.84%	14.80%	9.96%	12.41%	18.32%	10.86%	12.60%	12.01%	12.57%	14.18%	10.13%	14.29%	12.26%	11.12%	8.83%	12.49%	7.18%	10.86%	12.15%									
23	Путин Владимир Владимирович	57654	497	488	437	641	658	858	781	779	658	534	667	847	834	637	802	614	552	365	697	576	307	614	204	763	463	810	810	708	684	481	749	478	750	654	624	855	923	590	853	834	779	672	737	579	944	914	816	807	878	691	706	594	824	582	747	675	459	757	532	720	717	934	640	829	740	760	438	771	356	642	698	684	830	501	678	650	356	852	401	628	444	839	693	257	434	389	560	444									
		52.63%	55.35%	55.20%	53.36%	52.03%	51.93%	50.41%	50.10%	50.95%	49.59%	50.57%	55.12%	53.37%	49.76%	48.18%	49.75%	48.46%	51.30%	49.39%	50.84%	49.44%	52.03%	52.98%	53.40%	57.54%	54.03%	51.63%	54.88%	53.15%	48.96%	52.74%	59.35%	58.51%	55.11%	53.21%	52.26%	55.96%	57.15%	53.06%	52.69%	50.82%	56.41%	48.59%	53.25%	52.73%	55.66%	52.32%	50.28%	51.08%	53.44%	59.98%	52.41%	58.75%	53.23%	54.14%	54.05%	52.65%	52.94%	53.57%	51.90%	51.76%	53.43%	54.43%	53.60%	55.08%	55.68%	52.31%	51.23%	53.69%	51.08%	48.93%	51.40%	54.07%	52.30%	48.83%	54.55%	51.18%	51.52%	52.50%	51.68%	56.32%	53.75%	45.52%	50.04%	56.73%	49.71%	59.39%	49.43%	49.94%									
																																																																																																			
																																																																																																			
																																																																																																			
																																																																																																			
																																																																																																			
																																																																																																			
																																																																																																			
																																																																																																			
																																																																																																			
																																																																																																			
																																																																																																			
																																																																																																			
																																																																																																			
																																																																																																			
																																																																																																			
																																																																																																			
																																																																																																			
																																																																																																			
																																																																																																			
																																																																																																			
																																																																																																			
																																																																																																			
																																																																																																			
																																																																																																			
																																																																																																			
																																																																																																			
																																																																																																			
