Выборы Президента Российской Федерации																																																													
Дата голосования: 02.03.2008																																																													
																																																													
Наименование Избирательной комиссии:    Тетюшская																																																													
																																																													
Сводная таблица результатов выборов																																																													
																																																													
	Число участковых избирательных комиссий	54																																																											
	"Число участковых избирательных комиссий, приступивших к передаче сведений"	54																																																											
																																																													
		Сумма	УИК №2622	УИК №2623	УИК №2624	УИК №2625	УИК №2626	УИК №2627	УИК №2628	УИК №2629	УИК №2630	УИК №2631	УИК №2632	УИК №2633	УИК №2634	УИК №2635	УИК №2636	УИК №2637	УИК №2638	УИК №2639	УИК №2640	УИК №2641	УИК №2642	УИК №2643	УИК №2644	УИК №2645	УИК №2646	УИК №2647	УИК №2648	УИК №2649	УИК №2650	УИК №2651	УИК №2652	УИК №2653	УИК №2654	УИК №2655	УИК №2656	УИК №2657	УИК №2658	УИК №2659	УИК №2660	УИК №2661	УИК №2662	УИК №2663	УИК №2664	УИК №2665	УИК №2666	УИК №2667	УИК №2668	УИК №2669	УИК №2670	УИК №2671	УИК №2672	УИК №2673	УИК №2674	УИК №2675					
1	"Число избирателей, включенных в списки избирателей"	19034	1016	1090	599	672	1189	1104	1058	186	616	928	382	141	211	441	155	287	274	257	212	460	489	380	493	170	151	278	130	235	116	348	348	310	97	184	114	126	100	276	125	222	384	227	172	176	241	251	371	112	422	107	97	267	149	88					
2	"Число избирательных бюллетеней, полученных участковыми избирательными комиссиями"	18350	912	1005	500	614	1070	1008	975	185	535	852	379	141	215	443	155	305	272	262	214	464	482	385	501	172	152	282	131	239	118	357	350	318	98	186	115	128	100	290	129	224	382	221	172	185	245	251	374	115	428	107	99	271	149	88					
3	"Число избирательных бюллетеней, выданных избирателям, проголосовавшим досрочно"	0	0	0	0	0	0	0	0	0	0	0	0	0	0	0	0	0	0	0	0	0	0	0	0	0	0	0	0	0	0	0	0	0	0	0	0	0	0	0	0	0	0	0	0	0	0	0	0	0	0	0	0	0	0	0					
4	"Число избирательных бюллетеней, выданных в помещениях для голосования в день голосования"	16836	816	924	450	575	997	930	895	163	517	766	358	136	199	413	131	269	271	257	201	406	440	377	493	151	151	242	130	213	102	319	279	310	97	164	106	114	93	276	125	214	300	203	156	176	232	251	351	111	317	97	91	247	146	88					
5	"Число избирательных бюллетеней, выданных вне помещений для голосования в день голосования"	1186	93	68	49	39	61	55	80	15	18	86	21	5	10	17	23	18	0	0	11	35	38	3	0	14	0	32	0	19	11	24	57	0	0	16	8	12	5	0	0	8	73	14	6	0	7	0	8	1	89	10	6	18	3	0					
6	Число погашенных избирательных бюллетеней	328	3	13	1	0	12	23	0	7	0	0	0	0	6	13	1	18	1	5	2	23	4	5	8	7	1	8	1	7	5	14	14	8	1	6	1	2	2	14	4	2	9	4	10	9	6	0	15	3	22	0	2	6	0	0					
7	Число избирательных бюллетеней в переносных ящиках для голосования	1186	93	68	49	39	61	55	80	15	18	86	21	5	10	17	23	18	0	0	11	35	38	3	0	14	0	32	0	19	11	24	57	0	0	16	8	12	5	0	0	8	73	14	6	0	7	0	8	1	89	10	6	18	3	0					
8	Число бюллетеней в стационарных ящиках для голосования	16835	816	924	450	575	997	930	895	163	517	766	358	136	199	413	131	269	271	257	201	406	440	376	493	151	151	242	130	213	102	319	279	310	97	164	106	114	93	276	125	214	300	203	156	176	232	251	351	111	317	97	91	247	146	88					
9	Число недействительных избирательных бюллетеней	36	0	1	5	3	4	0	2	0	0	2	0	0	0	0	3	0	0	0	0	0	0	0	0	6	0	0	0	0	0	0	1	0	0	0	0	0	0	0	0	0	0	0	1	0	0	1	0	0	3	0	4	0	0	0					
10	Число действительных избирательных бюллетеней	17985	909	991	494	611	1054	985	973	178	535	850	379	141	209	430	151	287	271	257	212	441	478	379	493	159	151	274	130	232	113	343	335	310	97	180	114	126	98	276	125	222	373	217	161	176	239	250	359	112	403	107	93	265	149	88					
11	Число полученных открепительных  удостоверений	295	19	20	15	15	20	21	15	1	9	20	7	3	3	8	3	5	2	2	2	7	6	4	3	3	2	4	2	2	2	5	3	4	2	5	2	3	2	2	2	2	4	3	2	2	2	2	3	2	8	2	2	2	2	2					
12	"Число открепительных удостоверений, выданных избирателям на избирательных участках"	194	18	14	13	15	20	21	14	1	6	20	4	0	2	7	0	1	0	1	0	2	6	1	3	0	0	0	0	0	0	5	0	2	2	1	0	1	0	0	0	1	3	0	0	1	0	2	2	1	2	0	1	0	1	0					
13	"Число избирателей, проголосовавших по открепительным удостоверениям"	100	4	7	6	2	6	11	2	4	2	2	3	1	1	2	1	0	1	1	1	3	0	0	3	0	1	1	1	2	0	1	1	1	1	0	2	1	0	1	0	1	2	3	1	1	0	3	3	2	2	1	1	1	2	1					
14	Число неиспользованных открепительных удостоверений	101	1	6	2	0	0	0	1	0	3	0	3	3	1	1	3	4	2	1	2	5	0	3	0	3	2	4	2	2	2	0	3	2	0	4	2	2	2	2	2	1	1	3	2	1	2	0	1	1	6	2	1	2	1	2					
15	"Число открепительных удостоверений, выданных избирателям ТИК"	5	0	0	0	0	0	3	0	0	1	0	0	0	0	0	0	0	0	0	0	0	0	0	0	0	0	0	0	0	0	0	0	1	0	0	0	0	0	0	0	0	0	0	0	0	0	0	0	0	0	0	0	0	0	0					
16	Число утраченных избирательных бюллетеней	0	0	0	0	0	0	0	0	0	0	0	0	0	0	0	0	0	0	0	0	0	0	0	0	0	0	0	0	0	0	0	0	0	0	0	0	0	0	0	0	0	0	0	0	0	0	0	0	0	0	0	0	0	0	0					
17	"Число избирательных бюллетеней, не учтенных при получении"	0	0	0	0	0	0	0	0	0	0	0	0	0	0	0	0	0	0	0	0	0	0	0	0	0	0	0	0	0	0	0	0	0	0	0	0	0	0	0	0	0	0	0	0	0	0	0	0	0	0	0	0	0	0	0					
17а	Число утраченных открепительных удостоверений	0	0	0	0	0	0	0	0	0	0	0	0	0	0	0	0	0	0	0	0	0	0	0	0	0	0	0	0	0	0	0	0	0	0	0	0	0	0	0	0	0	0	0	0	0	0	0	0	0	0	0	0	0	0	0					
17б	"Число открепительных удостоверений, не учтенных при получении"	0	0	0	0	0	0	0	0	0	0	0	0	0	0	0	0	0	0	0	0	0	0	0	0	0	0	0	0	0	0	0	0	0	0	0	0	0	0	0	0	0	0	0	0	0	0	0	0	0	0	0	0	0	0	0					
"Число голосов избирателей, поданных за каждый список"																																																													
18	Богданов Андрей Владимирович	52	2	8	1	9	5	0	2	1	2	1	1	0	2	2	0	0	1	0	0	0	1	1	0	0	0	0	0	1	0	1	0	2	0	0	0	0	0	1	0	0	2	0	0	1	1	2	1	0	1	0	0	0	0	0					
		0.29%	0.22%	0.81%	0.20%	1.47%	0.47%	0.00%	0.21%	0.56%	0.37%	0.12%	0.26%	0.00%	0.96%	0.47%	0.00%	0.00%	0.37%	0.00%	0.00%	0.00%	0.21%	0.26%	0.00%	0.00%	0.00%	0.00%	0.00%	0.43%	0.00%	0.29%	0.00%	0.65%	0.00%	0.00%	0.00%	0.00%	0.00%	0.36%	0.00%	0.00%	0.54%	0.00%	0.00%	0.57%	0.42%	0.80%	0.28%	0.00%	0.25%	0.00%	0.00%	0.00%	0.00%	0.00%					
19	Жириновский Владимир Вольфович	387	24	32	18	18	31	30	38	2	5	14	5	0	3	5	4	5	9	6	2	10	6	1	5	3	0	7	0	1	0	13	7	5	0	5	2	3	1	2	0	3	12	13	2	2	7	2	5	3	8	2	1	1	3	1					
		2.15%	2.64%	3.23%	3.61%	2.93%	2.93%	3.05%	3.90%	1.12%	0.93%	1.64%	1.32%	0.00%	1.44%	1.16%	2.60%	1.74%	3.32%	2.33%	0.94%	2.27%	1.26%	0.26%	1.01%	1.82%	0.00%	2.55%	0.00%	0.43%	0.00%	3.79%	2.08%	1.61%	0.00%	2.78%	1.75%	2.38%	1.02%	0.72%	0.00%	1.35%	3.22%	5.99%	1.23%	1.14%	2.93%	0.80%	1.39%	2.68%	1.97%	1.87%	1.03%	0.38%	2.01%	1.14%					
20	Зюганов Геннадий Андреевич	763	55	48	21	31	55	79	55	9	7	24	29	6	5	14	6	9	14	17	5	25	22	6	22	3	2	6	2	3	7	14	17	8	2	10	9	3	3	2	1	14	18	6	3	4	3	13	14	8	11	4	2	3	2	2					
		4.23%	6.05%	4.84%	4.21%	5.05%	5.20%	8.02%	5.64%	5.06%	1.31%	2.82%	7.65%	4.26%	2.39%	3.26%	3.90%	3.14%	5.17%	6.61%	2.36%	5.67%	4.60%	1.58%	4.46%	1.82%	1.32%	2.19%	1.54%	1.29%	6.19%	4.08%	5.06%	2.58%	2.06%	5.56%	7.89%	2.38%	3.06%	0.72%	0.80%	6.31%	4.83%	2.76%	1.85%	2.27%	1.26%	5.18%	3.90%	7.14%	2.71%	3.74%	2.06%	1.13%	1.34%	2.27%					
21	Медведев Дмитрий Анатольевич	16783	828	903	454	553	963	876	878	166	521	811	344	135	199	409	141	273	247	234	205	406	449	371	466	153	149	261	128	227	106	315	311	295	95	165	103	120	94	271	124	205	341	198	156	169	228	233	339	101	383	101	90	261	144	85					
		93.13%	91.09%	91.03%	90.98%	90.07%	91.02%	88.93%	90.05%	93.26%	97.38%	95.19%	90.77%	95.74%	95.22%	95.12%	91.56%	95.12%	91.14%	91.05%	96.70%	92.06%	93.93%	97.89%	94.52%	92.73%	98.68%	95.26%	98.46%	97.84%	93.81%	91.84%	92.56%	95.16%	97.94%	91.67%	90.35%	95.24%	95.92%	98.19%	99.20%	92.34%	91.42%	91.24%	96.30%	96.02%	95.40%	92.83%	94.43%	90.18%	94.33%	94.39%	92.78%	98.49%	96.64%	96.59%					
																																																													
																																																													
																																																													
																																																													
																																																													
																																																													
																																																													
																																																													
																																																													
																																																													
																																																													
																																																													
																																																													
																																																													
																																																													
																																																													
																																																													
																																																													
