Выборы Президента Российской Федерации																																															
Дата голосования: 02.03.2008																																															
																																															
Наименование Избирательной комиссии:    Верхнеуслонская																																															
																																															
Сводная таблица результатов выборов																																															
																																															
	Число участковых избирательных комиссий	40																																													
	"Число участковых избирательных комиссий, приступивших к передаче сведений"	40																																													
																																															
		Сумма	УИК №1253	УИК №1254	УИК №1255	УИК №1256	УИК №1257	УИК №1258	УИК №1259	УИК №1260	УИК №1261	УИК №1262	УИК №1263	УИК №1264	УИК №1265	УИК №1266	УИК №1267	УИК №1268	УИК №1269	УИК №1270	УИК №1271	УИК №1272	УИК №1273	УИК №1274	УИК №1275	УИК №1276	УИК №1277	УИК №1278	УИК №1279	УИК №1280	УИК №1281	УИК №1282	УИК №1283	УИК №1284	УИК №1285	УИК №1286	УИК №1287	УИК №1288	УИК №1289	УИК №1290	УИК №1291	УИК №1292					
1	"Число избирателей, включенных в списки избирателей"	14108	434	462	472	589	705	949	248	678	720	344	476	133	979	93	457	659	150	177	232	183	92	419	85	114	317	234	412	278	243	601	374	92	125	252	168	60	408	143	280	271					
2	"Число избирательных бюллетеней, полученных участковыми избирательными комиссиями"	13324	420	460	450	540	610	820	235	620	680	340	460	134	935	93	430	620	145	165	225	180	92	390	87	114	310	220	390	270	230	560	350	87	124	245	165	58	385	145	280	260					
3	"Число избирательных бюллетеней, выданных избирателям, проголосовавшим досрочно"	0	0	0	0	0	0	0	0	0	0	0	0	0	0	0	0	0	0	0	0	0	0	0	0	0	0	0	0	0	0	0	0	0	0	0	0	0	0	0	0	0					
4	"Число избирательных бюллетеней, выданных в помещениях для голосования в день голосования"	12141	317	389	405	466	552	732	227	581	672	209	366	116	913	72	422	594	142	165	197	169	92	376	79	85	295	207	367	232	210	545	342	84	124	217	158	58	385	126	230	223					
5	"Число избирательных бюллетеней, выданных вне помещений для голосования в день голосования"	909	75	32	35	41	49	66	3	39	8	121	77	13	17	19	8	15	3	0	14	11	0	14	5	23	6	13	19	32	20	8	0	0	0	27	7	0	0	13	41	35					
6	Число погашенных избирательных бюллетеней	274	28	39	10	33	9	22	5	0	0	10	17	5	5	2	0	11	0	0	14	0	0	0	3	6	9	0	4	6	0	7	8	3	0	1	0	0	0	6	9	2					
7	Число избирательных бюллетеней в переносных ящиках для голосования	909	75	32	35	41	49	66	3	39	8	121	77	13	17	19	8	15	3	0	14	11	0	14	5	23	6	13	19	32	20	8	0	0	0	27	7	0	0	13	41	35					
8	Число бюллетеней в стационарных ящиках для голосования	12141	317	389	405	466	552	732	227	581	672	209	366	116	913	72	422	594	142	165	197	169	92	376	79	85	295	207	367	232	210	545	342	84	124	217	158	58	385	126	230	223					
9	Число недействительных избирательных бюллетеней	98	5	2	5	6	6	7	3	1	4	0	7	3	0	0	0	0	0	0	1	0	0	0	10	0	6	0	0	0	0	0	0	0	0	8	16	1	2	0	2	3					
10	Число действительных избирательных бюллетеней	12952	387	419	435	501	595	791	227	619	676	330	436	126	930	91	430	609	145	165	210	180	92	390	74	108	295	220	386	264	230	553	342	84	124	236	149	57	383	139	269	255					
11	Число полученных открепительных  удостоверений	385	14	17	17	18	20	25	10	10	15	10	15	4	20	4	10	15	5	5	7	5	3	10	4	4	7	6	10	10	7	15	10	3	5	7	6	2	10	4	8	8					
12	"Число открепительных удостоверений, выданных избирателям на избирательных участках"	137	7	10	8	8	7	17	2	4	4	0	12	1	10	1	1	6	1	1	0	2	0	5	3	0	2	2	3	4	1	2	3	0	0	2	1	0	2	1	1	3					
13	"Число избирателей, проголосовавших по открепительным удостоверениям"	165	9	2	10	4	0	7	0	13	18	3	5	1	4	1	6	3	1	0	0	3	0	3	2	0	3	1	2	2	3	5	2	5	1	8	4	5	5	6	4	14					
14	Число неиспользованных открепительных удостоверений	248	7	7	9	10	13	8	8	6	11	10	3	3	10	3	9	9	4	4	7	3	3	5	1	4	5	4	7	6	6	13	7	3	5	5	5	2	8	3	7	5					
15	"Число открепительных удостоверений, выданных избирателям ТИК"	2	0	0	1	0	0	0	0	0	0	0	0	0	0	0	1	0	0	0	0	0	0	0	0	0	0	0	0	0	0	0	0	0	0	0	0	0	0	0	0	0					
16	Число утраченных избирательных бюллетеней	0	0	0	0	0	0	0	0	0	0	0	0	0	0	0	0	0	0	0	0	0	0	0	0	0	0	0	0	0	0	0	0	0	0	0	0	0	0	0	0	0					
17	"Число избирательных бюллетеней, не учтенных при получении"	0	0	0	0	0	0	0	0	0	0	0	0	0	0	0	0	0	0	0	0	0	0	0	0	0	0	0	0	0	0	0	0	0	0	0	0	0	0	0	0	0					
17а	Число утраченных открепительных удостоверений	0	0	0	0	0	0	0	0	0	0	0	0	0	0	0	0	0	0	0	0	0	0	0	0	0	0	0	0	0	0	0	0	0	0	0	0	0	0	0	0	0					
17б	"Число открепительных удостоверений, не учтенных при получении"	0	0	0	0	0	0	0	0	0	0	0	0	0	0	0	0	0	0	0	0	0	0	0	0	0	0	0	0	0	0	0	0	0	0	0	0	0	0	0	0	0					
"Число голосов избирателей, поданных за каждый список"																																															
18	Богданов Андрей Владимирович	60	5	7	7	2	5	9	1	3	5	1	0	0	2	0	2	0	0	0	1	0	0	1	0	0	0	0	1	0	0	2	2	1	0	0	0	0	0	1	1	1					
		0.46%	1.28%	1.66%	1.59%	0.39%	0.83%	1.13%	0.43%	0.48%	0.74%	0.30%	0.00%	0.00%	0.22%	0.00%	0.47%	0.00%	0.00%	0.00%	0.47%	0.00%	0.00%	0.26%	0.00%	0.00%	0.00%	0.00%	0.26%	0.00%	0.00%	0.36%	0.58%	1.19%	0.00%	0.00%	0.00%	0.00%	0.00%	0.72%	0.37%	0.39%					
19	Жириновский Владимир Вольфович	586	5	13	28	20	31	58	7	27	39	20	43	4	65	3	15	26	9	4	13	9	2	10	3	0	18	9	14	8	6	11	10	1	5	4	4	1	24	2	6	9					
		4.49%	1.28%	3.09%	6.36%	3.94%	5.16%	7.27%	3.04%	4.35%	5.74%	6.06%	9.71%	3.10%	6.99%	3.30%	3.49%	4.27%	6.21%	2.42%	6.16%	5.00%	2.17%	2.56%	3.57%	0.00%	5.98%	4.09%	3.63%	3.03%	2.61%	1.99%	2.92%	1.19%	4.03%	1.64%	2.42%	1.72%	6.23%	1.44%	2.21%	3.49%					
20	Зюганов Геннадий Андреевич	818	17	28	60	34	53	111	10	31	20	13	31	5	26	7	21	35	14	9	13	13	5	30	4	4	19	10	31	21	12	14	11	3	9	19	9	3	11	9	13	30					
		6.27%	4.34%	6.65%	13.64%	6.71%	8.82%	13.91%	4.35%	5.00%	2.94%	3.94%	6.99%	3.88%	2.80%	7.69%	4.88%	5.75%	9.66%	5.45%	6.16%	7.22%	5.43%	7.69%	4.76%	3.70%	6.31%	4.55%	8.03%	7.95%	5.22%	2.53%	3.22%	3.57%	7.26%	7.79%	5.45%	5.17%	2.86%	6.47%	4.80%	11.63%					
21	Медведев Дмитрий Анатольевич	11488	360	371	340	445	506	613	209	558	612	296	362	117	837	81	392	548	122	152	183	158	85	349	67	104	258	201	340	235	212	526	319	79	110	213	136	53	348	127	249	215					
		88.03%	91.84%	88.12%	77.27%	87.77%	84.19%	76.82%	90.87%	90.00%	90.00%	89.70%	81.72%	90.70%	90.00%	89.01%	91.16%	89.98%	84.14%	92.12%	86.73%	87.78%	92.39%	89.49%	79.76%	96.30%	85.71%	91.36%	88.08%	89.02%	92.17%	95.12%	93.27%	94.05%	88.71%	87.30%	82.42%	91.38%	90.39%	91.37%	91.88%	83.33%					
																																															
																																															
																																															
																																															
																																															
																																															
																																															
																																															
																																															
																																															
																																															
																																															
																																															
																																															
																																															
																																															
																																															
																																															
