Выборы Президента Российской Федерации																																																																	
Дата голосования: 02.03.2008																																																																	
																																																																	
Наименование Избирательной комиссии:    Каменская																																																																	
																																																																	
Сводная таблица результатов выборов																																																																	
																																																																	
	Число участковых избирательных комиссий	58																																																															
	"Число участковых избирательных комиссий, приступивших к передаче сведений"	58																																																															
																																																																	
		Сумма	УИК №519	УИК №520	УИК №521	УИК №522	УИК №523	УИК №524	УИК №525	УИК №526	УИК №527	УИК №528	УИК №529	УИК №530	УИК №531	УИК №532	УИК №533	УИК №534	УИК №535	УИК №536	УИК №537	УИК №538	УИК №539	УИК №540	УИК №541	УИК №542	УИК №543	УИК №544	УИК №545	УИК №546	УИК №547	УИК №548	УИК №549	УИК №550	УИК №551	УИК №552	УИК №553	УИК №554	УИК №555	УИК №556	УИК №557	УИК №558	УИК №559	УИК №560	УИК №561	УИК №562	УИК №563	УИК №564	УИК №565	УИК №566	УИК №567	УИК №568	УИК №569	УИК №570	УИК №571	УИК №572	УИК №573	УИК №574	УИК №575	УИК №576					
1	"Число избирателей, включенных в списки избирателей"	49232	548	377	334	314	894	130	390	250	766	401	166	353	844	281	455	414	310	583	232	132	1398	96	1258	1310	482	173	119	428	228	98	294	332	90	677	171	554	381	134	816	120	985	615	2532	1210	1145	1085	1083	1790	941	1252	2745	2774	2854	2431	1885	2158	2139	2275					
2	"Число избирательных бюллетеней, полученных участковыми избирательными комиссиями"	48582	554	380	348	327	935	132	430	251	788	409	165	368	870	302	456	444	299	590	235	136	1410	98	1293	1307	494	179	128	442	235	104	294	337	95	687	175	552	391	134	824	138	989	611	2581	1136	1145	1150	1036	1656	902	1218	2585	2610	2832	2310	1782	2137	1944	2222					
3	"Число избирательных бюллетеней, выданных избирателям, проголосовавшим досрочно"	0	0	0	0	0	0	0	0	0	0	0	0	0	0	0	0	0	0	0	0	0	0	0	0	0	0	0	0	0	0	0	0	0	0	0	0	0	0	0	0	0	0	0	0	0	0	0	0	0	0	0	0	0	0	0	0	0	0	0					
4	"Число избирательных бюллетеней, выданных в помещениях для голосования в день голосования"	42954	444	377	219	236	831	130	374	225	699	396	165	347	835	272	433	377	268	545	197	115	1379	96	1068	1260	464	169	117	402	192	79	255	267	90	587	170	526	375	116	765	110	935	581	1997	1063	547	951	902	1576	703	990	2509	2241	2646	2138	1553	1859	1710	2081					
5	"Число избирательных бюллетеней, выданных вне помещений для голосования в день голосования"	4064	104	0	112	75	56	0	12	22	52	0	0	3	0	4	0	37	14	33	29	10	0	0	137	30	13	0	0	22	36	19	37	59	0	87	0	17	0	16	26	10	34	28	372	56	550	134	107	64	159	225	74	260	94	163	199	130	206	137					
6	Число погашенных избирательных бюллетеней	1564	6	3	17	16	48	2	44	4	37	13	0	18	35	26	23	30	17	12	9	11	31	2	88	17	17	10	11	18	7	6	2	11	5	13	5	9	16	2	33	18	20	2	212	17	48	65	27	16	40	3	2	109	92	9	30	148	28	4					
7	Число избирательных бюллетеней в переносных ящиках для голосования	4064	104	0	112	75	56	0	12	22	52	0	0	3	0	4	0	37	14	33	29	10	0	0	137	30	13	0	0	22	36	19	37	59	0	87	0	17	0	16	26	10	34	28	372	56	550	134	107	64	159	225	74	260	94	163	199	130	206	137					
8	Число бюллетеней в стационарных ящиках для голосования	42942	444	377	219	236	831	130	374	225	699	396	165	347	835	272	433	377	268	545	197	115	1379	96	1068	1260	464	169	117	402	192	79	255	267	90	587	170	526	375	116	758	110	935	581	1994	1063	547	951	902	1574	703	990	2509	2241	2646	2138	1553	1859	1710	2081					
9	Число недействительных избирательных бюллетеней	1731	6	2	46	47	0	0	0	11	0	0	0	0	0	11	0	14	0	72	0	0	2	0	14	70	19	0	2	0	0	0	36	67	0	38	0	29	50	10	6	0	158	44	25	2	200	1	97	193	3	7	0	60	4	0	330	14	16	25					
10	Число действительных избирательных бюллетеней	45275	542	375	285	264	887	130	386	236	751	396	165	350	835	265	433	400	282	506	226	125	1377	96	1191	1220	458	169	115	424	228	98	256	259	90	636	170	514	325	122	778	120	811	565	2341	1117	897	1084	912	1445	859	1208	2583	2441	2736	2301	1422	1975	1900	2193					
11	Число полученных открепительных  удостоверений	697	7	0	0	0	15	0	3	0	15	10	5	5	3	0	0	5	5	5	0	0	15	0	10	10	10	0	0	11	0	0	0	0	3	5	0	5	5	0	15	0	10	10	40	20	15	10	20	50	20	25	50	50	50	30	40	50	20	20					
12	"Число открепительных удостоверений, выданных избирателям на избирательных участках"	448	7	0	0	0	10	0	0	0	15	6	0	5	0	0	0	3	5	3	0	0	4	0	9	3	2	0	0	10	0	0	0	0	0	2	0	0	2	0	4	0	3	1	29	8	7	10	20	50	9	12	33	37	32	18	27	30	17	15					
13	"Число избирателей, проголосовавших по открепительным удостоверениям"	204	7	4	1	2	1	1	0	1	3	4	1	1	2	1	3	1	2	4	2	1	6	1	1	4	2	0	1	4	1	3	3	1	0	5	1	2	2	1	5	0	6	0	15	4	11	5	3	18	7	2	8	5	10	7	4	1	0	13					
14	Число неиспользованных открепительных удостоверений	249	0	0	0	0	5	0	3	0	0	4	5	0	3	0	0	2	0	2	0	0	11	0	1	7	8	0	0	1	0	0	0	0	3	3	0	5	3	0	11	0	7	9	11	12	8	0	0	0	11	13	17	13	18	12	13	20	3	5					
15	"Число открепительных удостоверений, выданных избирателям ТИК"	13	0	0	0	0	0	0	0	0	0	0	0	0	1	0	0	0	0	0	0	0	1	0	0	0	0	0	0	0	0	0	0	0	0	0	0	0	0	0	0	0	0	0	2	0	0	0	1	2	0	0	0	1	1	0	1	0	1	2					
16	Число утраченных избирательных бюллетеней	0	0	0	0	0	0	0	0	0	0	0	0	0	0	0	0	0	0	0	0	0	0	0	0	0	0	0	0	0	0	0	0	0	0	0	0	0	0	0	0	0	0	0	0	0	0	0	0	0	0	0	0	0	0	0	0	0	0	0					
17	"Число избирательных бюллетеней, не учтенных при получении"	0	0	0	0	0	0	0	0	0	0	0	0	0	0	0	0	0	0	0	0	0	0	0	0	0	0	0	0	0	0	0	0	0	0	0	0	0	0	0	0	0	0	0	0	0	0	0	0	0	0	0	0	0	0	0	0	0	0	0					
17а	Число утраченных открепительных удостоверений	0	0	0	0	0	0	0	0	0	0	0	0	0	0	0	0	0	0	0	0	0	0	0	0	0	0	0	0	0	0	0	0	0	0	0	0	0	0	0	0	0	0	0	0	0	0	0	0	0	0	0	0	0	0	0	0	0	0	0					
17б	"Число открепительных удостоверений, не учтенных при получении"	0	0	0	0	0	0	0	0	0	0	0	0	0	0	0	0	0	0	0	0	0	0	0	0	0	0	0	0	0	0	0	0	0	0	0	0	0	0	0	0	0	0	0	0	0	0	0	0	0	0	0	0	0	0	0	0	0	0	0					
"Число голосов избирателей, поданных за каждый список"																																																																	
18	Богданов Андрей Владимирович	117	2	5	0	0	1	0	0	0	3	0	0	1	0	0	3	0	0	0	0	0	3	0	4	2	0	0	0	0	0	0	0	0	0	4	0	1	0	0	1	0	0	1	13	5	5	0	0	13	3	7	2	8	9	2	4	8	6	1					
		0.25%	0.36%	1.33%	0.00%	0.00%	0.11%	0.00%	0.00%	0.00%	0.40%	0.00%	0.00%	0.29%	0.00%	0.00%	0.69%	0.00%	0.00%	0.00%	0.00%	0.00%	0.22%	0.00%	0.33%	0.16%	0.00%	0.00%	0.00%	0.00%	0.00%	0.00%	0.00%	0.00%	0.00%	0.59%	0.00%	0.18%	0.00%	0.00%	0.13%	0.00%	0.00%	0.16%	0.55%	0.45%	0.46%	0.00%	0.00%	0.79%	0.35%	0.58%	0.08%	0.32%	0.33%	0.09%	0.23%	0.40%	0.31%	0.05%					
19	Жириновский Владимир Вольфович	1105	25	11	6	6	48	2	7	6	21	2	3	3	13	7	11	10	1	4	3	2	13	1	44	2	12	6	3	3	12	0	5	6	1	15	2	9	7	1	7	1	20	11	91	14	5	2	27	48	36	50	123	89	24	15	19	57	59	74					
		2.35%	4.56%	2.92%	1.81%	1.93%	5.41%	1.54%	1.81%	2.43%	2.80%	0.51%	1.82%	0.86%	1.56%	2.54%	2.54%	2.42%	0.35%	0.69%	1.33%	1.60%	0.94%	1.04%	3.65%	0.16%	2.52%	3.55%	2.56%	0.71%	5.26%	0.00%	1.71%	1.84%	1.11%	2.23%	1.18%	1.66%	1.87%	0.76%	0.89%	0.83%	2.06%	1.81%	3.85%	1.25%	0.46%	0.18%	2.68%	2.93%	4.18%	4.12%	4.76%	3.56%	0.88%	0.65%	1.08%	2.87%	3.08%	3.34%					
20	Зюганов Геннадий Андреевич	4478	85	15	11	9	8	1	19	8	40	4	5	6	15	20	10	13	27	10	15	13	41	6	45	98	21	9	7	2	11	2	6	7	2	17	8	16	8	5	8	0	56	19	222	132	133	144	94	110	92	260	396	384	237	213	227	355	234	517					
		9.53%	15.51%	3.98%	3.32%	2.89%	0.90%	0.77%	4.92%	3.24%	5.33%	1.01%	3.03%	1.71%	1.80%	7.25%	2.31%	3.14%	9.57%	1.73%	6.64%	10.40%	2.97%	6.25%	3.73%	7.60%	4.40%	5.33%	5.98%	0.47%	4.82%	2.04%	2.05%	2.15%	2.22%	2.52%	4.71%	2.95%	2.13%	3.79%	1.02%	0.00%	5.78%	3.12%	9.38%	11.80%	12.12%	13.27%	9.32%	6.72%	10.67%	21.40%	15.33%	15.35%	8.65%	9.26%	12.96%	17.85%	12.21%	23.31%					
21	Медведев Дмитрий Анатольевич	39575	430	344	268	249	830	127	360	222	687	390	157	340	807	238	409	377	254	492	208	110	1320	89	1098	1118	425	154	105	419	205	96	245	246	87	600	160	488	310	116	762	119	735	534	2015	966	754	938	791	1274	728	891	2062	1960	2466	2071	1172	1555	1601	1601					
		84.19%	78.47%	91.25%	80.97%	80.06%	93.57%	97.69%	93.26%	89.88%	91.48%	98.48%	95.15%	97.14%	96.65%	86.23%	94.46%	91.06%	90.07%	85.12%	92.04%	88.00%	95.72%	92.71%	91.12%	86.67%	89.10%	91.12%	89.74%	98.82%	89.91%	97.96%	83.90%	75.46%	96.67%	89.02%	94.12%	89.87%	82.67%	87.88%	97.19%	99.17%	75.85%	87.68%	85.16%	86.33%	68.73%	86.45%	78.39%	77.78%	84.45%	73.33%	79.83%	78.37%	90.00%	90.00%	66.89%	78.18%	83.56%	72.18%					
																																																																	
																																																																	
																																																																	
																																																																	
																																																																	
																																																																	
																																																																	
																																																																	
																																																																	
																																																																	
																																																																	
																																																																	
																																																																	
																																																																	
																																																																	
																																																																	
																																																																	
																																																																	
