Выборы Президента Российской Федерации																																																								
Дата голосования: 02.03.2008																																																								
																																																								
Наименование Избирательной комиссии:    Ростовская																																																								
																																																								
Сводная таблица результатов выборов																																																								
																																																								
	Число участковых избирательных комиссий	49																																																						
	"Число участковых избирательных комиссий, приступивших к передаче сведений"	49																																																						
																																																								
		Сумма	УИК №709	УИК №710	УИК №711	УИК №712	УИК №713	УИК №714	УИК №715	УИК №716	УИК №717	УИК №718	УИК №719	УИК №720	УИК №721	УИК №722	УИК №723	УИК №724	УИК №725	УИК №726	УИК №727	УИК №728	УИК №729	УИК №730	УИК №731	УИК №732	УИК №733	УИК №734	УИК №735	УИК №736	УИК №737	УИК №738	УИК №739	УИК №740	УИК №741	УИК №742	УИК №743	УИК №744	УИК №745	УИК №746	УИК №747	УИК №748	УИК №749	УИК №750	УИК №751	УИК №752	УИК №753	УИК №754	УИК №755	УИК №756	УИК №757					
1	"Число избирателей, включенных в списки избирателей"	55252	2666	2348	2539	1563	1371	1419	2895	1429	2835	2401	2540	2450	370	363	185	556	95	312	459	1105	200	239	181	107	370	185	119	579	2128	2040	252	339	705	487	216	772	855	709	227	1639	2345	2250	390	1491	339	2725	852	455	2155					
2	"Число избирательных бюллетеней, полученных участковыми избирательными комиссиями"	50660	2300	2200	2200	1400	1200	1300	2400	1400	2250	2200	2350	2200	270	450	150	570	140	270	430	1100	200	240	180	130	410	200	130	620	2100	1800	270	300	700	450	250	750	850	650	250	1500	2000	2100	350	1400	370	2600	750	430	1900					
3	"Число избирательных бюллетеней, выданных избирателям, проголосовавшим досрочно"	0	0	0	0	0	0	0	0	0	0	0	0	0	0	0	0	0	0	0	0	0	0	0	0	0	0	0	0	0	0	0	0	0	0	0	0	0	0	0	0	0	0	0	0	0	0	0	0	0	0					
4	"Число избирательных бюллетеней, выданных в помещениях для голосования в день голосования"	28983	1350	1326	1444	759	677	812	1395	627	1599	1497	1587	1441	134	160	72	235	51	95	243	609	94	89	107	53	218	101	33	278	989	1115	137	210	336	214	93	392	460	354	49	834	1355	1149	234	701	146	1458	368	240	1063					
5	"Число избирательных бюллетеней, выданных вне помещений для голосования в день голосования"	3758	75	30	41	104	67	74	122	48	63	61	69	44	113	103	71	150	30	151	76	100	34	83	8	33	49	39	50	103	160	176	63	21	141	25	66	69	64	52	85	71	68	55	42	68	43	87	152	61	198					
6	Число погашенных избирательных бюллетеней	17919	875	844	715	537	456	414	883	725	588	642	694	715	23	187	7	185	59	24	111	391	72	68	65	44	143	60	47	239	951	509	70	69	223	211	91	289	326	244	116	595	577	896	74	631	181	1055	230	129	639					
7	Число избирательных бюллетеней в переносных ящиках для голосования	3758	75	30	41	104	67	74	122	48	63	61	69	44	113	103	71	150	30	151	76	100	34	83	8	33	49	39	50	103	160	176	63	21	141	25	66	69	64	52	85	71	68	55	42	68	43	87	152	61	198					
8	Число бюллетеней в стационарных ящиках для голосования	28959	1343	1326	1440	758	675	812	1388	627	1599	1497	1587	1441	134	160	72	235	51	95	243	609	94	89	107	53	218	101	33	278	989	1115	137	210	336	214	93	392	460	354	49	833	1353	1149	234	701	146	1458	368	240	1063					
9	Число недействительных избирательных бюллетеней	438	24	14	25	11	7	10	20	8	21	27	24	22	6	2	2	4	0	2	1	6	5	5	3	0	1	0	0	9	8	8	4	3	3	4	2	3	9	4	1	13	16	24	3	15	1	27	9	2	20					
10	Число действительных избирательных бюллетеней	32279	1394	1342	1456	851	735	876	1490	667	1641	1531	1632	1463	241	261	141	381	81	244	318	703	123	167	112	86	266	140	83	372	1141	1283	196	228	474	235	157	458	515	402	133	891	1405	1180	273	754	188	1518	511	299	1241					
11	Число полученных открепительных  удостоверений	812	33	33	33	25	25	25	35	25	33	33	33	33	6	11	5	20	5	5	5	20	5	5	5	5	20	15	5	5	33	25	11	5	8	5	5	7	11	7	5	25	25	33	5	20	6	33	10	5	20					
12	"Число открепительных удостоверений, выданных избирателям на избирательных участках"	491	16	22	22	8	4	11	13	5	20	29	10	20	0	11	5	20	0	5	1	20	1	0	1	1	20	7	1	5	15	18	11	1	8	5	5	7	5	7	5	8	21	13	2	20	5	33	3	5	16					
13	"Число избирателей, проголосовавших по открепительным удостоверениям"	425	17	22	7	8	6	6	31	17	13	18	9	11	4	2	1	8	5	6	3	13	2	5	1	3	5	6	2	8	11	32	2	1	6	1	2	2	7	2	6	11	16	15	8	16	4	17	6	6	15					
14	Число неиспользованных открепительных удостоверений	321	17	11	11	17	21	14	22	20	13	4	23	13	6	0	0	0	5	0	4	0	4	5	4	4	0	8	4	0	18	7	0	4	0	0	0	0	6	0	0	17	4	20	3	0	1	0	7	0	4					
15	"Число открепительных удостоверений, выданных избирателям ТИК"	8	0	0	2	0	1	0	0	1	0	0	0	0	0	0	0	0	0	0	0	0	0	0	0	1	0	0	0	0	0	0	0	0	0	0	0	0	0	0	0	0	0	0	0	0	0	2	0	0	1					
16	Число утраченных избирательных бюллетеней	0	0	0	0	0	0	0	0	0	0	0	0	0	0	0	0	0	0	0	0	0	0	0	0	0	0	0	0	0	0	0	0	0	0	0	0	0	0	0	0	0	0	0	0	0	0	0	0	0	0					
17	"Число избирательных бюллетеней, не учтенных при получении"	0	0	0	0	0	0	0	0	0	0	0	0	0	0	0	0	0	0	0	0	0	0	0	0	0	0	0	0	0	0	0	0	0	0	0	0	0	0	0	0	0	0	0	0	0	0	0	0	0	0					
17а	Число утраченных открепительных удостоверений	0	0	0	0	0	0	0	0	0	0	0	0	0	0	0	0	0	0	0	0	0	0	0	0	0	0	0	0	0	0	0	0	0	0	0	0	0	0	0	0	0	0	0	0	0	0	0	0	0	0					
17б	"Число открепительных удостоверений, не учтенных при получении"	0	0	0	0	0	0	0	0	0	0	0	0	0	0	0	0	0	0	0	0	0	0	0	0	0	0	0	0	0	0	0	0	0	0	0	0	0	0	0	0	0	0	0	0	0	0	0	0	0	0					
"Число голосов избирателей, поданных за каждый список"																																																								
18	Богданов Андрей Владимирович	413	20	12	22	4	4	10	19	5	12	20	17	19	6	1	2	7	2	5	6	7	0	5	2	4	4	0	1	2	11	21	1	2	3	2	0	4	2	5	0	21	29	28	2	16	1	29	4	0	14					
		1.26%	1.41%	0.88%	1.49%	0.46%	0.54%	1.13%	1.26%	0.74%	0.72%	1.28%	1.03%	1.28%	2.43%	0.38%	1.40%	1.82%	2.47%	2.03%	1.88%	0.99%	0.00%	2.91%	1.74%	4.65%	1.50%	0.00%	1.20%	0.52%	0.96%	1.63%	0.50%	0.87%	0.63%	0.84%	0.00%	0.87%	0.38%	1.23%	0.00%	2.32%	2.04%	2.33%	0.72%	2.08%	0.53%	1.88%	0.77%	0.00%	1.11%					
19	Жириновский Владимир Вольфович	3578	202	195	163	89	75	104	149	81	190	152	160	146	41	40	12	47	14	22	35	134	12	17	9	5	21	17	4	25	171	152	15	18	48	30	12	44	55	43	7	94	118	105	24	78	11	171	66	30	125					
		10.94%	14.25%	14.38%	11.01%	10.32%	10.11%	11.74%	9.87%	12.00%	11.43%	9.76%	9.66%	9.83%	16.60%	15.21%	8.39%	12.21%	17.28%	8.94%	10.97%	18.90%	9.38%	9.88%	7.83%	5.81%	7.87%	12.14%	4.82%	6.56%	14.88%	11.77%	7.50%	7.79%	10.06%	12.55%	7.55%	9.54%	10.50%	10.59%	5.22%	10.40%	8.30%	8.72%	8.70%	10.14%	5.82%	11.07%	12.69%	9.97%	9.91%					
20	Зюганов Геннадий Андреевич	6549	304	280	366	177	161	174	310	123	293	378	380	321	38	36	12	61	17	50	59	130	23	32	18	12	79	15	7	53	239	255	26	58	62	32	31	86	81	66	14	177	289	226	27	215	48	408	84	41	175					
		20.02%	21.44%	20.65%	24.71%	20.53%	21.70%	19.64%	20.53%	18.22%	17.63%	24.26%	22.95%	21.62%	15.38%	13.69%	8.39%	15.84%	20.99%	20.33%	18.50%	18.34%	17.97%	18.60%	15.65%	13.95%	29.59%	10.71%	8.43%	13.91%	20.80%	19.75%	13.00%	25.11%	12.99%	13.39%	19.50%	18.66%	15.46%	16.26%	10.45%	19.58%	20.34%	18.77%	9.78%	27.96%	25.40%	26.41%	16.15%	13.62%	13.88%					
21	Медведев Дмитрий Анатольевич	21739	868	855	905	581	495	588	1012	458	1146	981	1075	977	156	184	115	266	48	167	218	432	88	113	83	65	162	108	71	292	720	855	154	150	361	171	114	324	377	288	112	599	969	821	220	445	128	910	357	228	927					
		66.45%	61.21%	63.05%	61.11%	67.40%	66.71%	66.37%	67.02%	67.85%	68.95%	62.97%	64.92%	65.79%	63.16%	69.96%	80.42%	69.09%	59.26%	67.89%	68.34%	60.93%	68.75%	65.70%	72.17%	75.58%	60.67%	77.14%	85.54%	76.64%	62.66%	66.23%	77.00%	64.94%	75.68%	71.55%	71.70%	70.28%	71.95%	70.94%	83.58%	66.26%	68.19%	68.19%	79.71%	57.87%	67.72%	58.90%	68.65%	75.75%	73.51%					
																																																								
																																																								
																																																								
																																																								
																																																								
																																																								
																																																								
																																																								
																																																								
																																																								
																																																								
																																																								
																																																								
																																																								
																																																								
																																																								
																																																								
																																																								
