Выборы Президента Российской Федерации																																																								
Дата голосования: 02.03.2008																																																								
																																																								
Наименование Избирательной комиссии:    Алькеевская																																																								
																																																								
Сводная таблица результатов выборов																																																								
																																																								
	Число участковых избирательных комиссий	49																																																						
	"Число участковых избирательных комиссий, приступивших к передаче сведений"	49																																																						
																																																								
		Сумма	УИК №715	УИК №716	УИК №717	УИК №718	УИК №719	УИК №720	УИК №721	УИК №722	УИК №723	УИК №724	УИК №725	УИК №726	УИК №727	УИК №728	УИК №729	УИК №730	УИК №731	УИК №732	УИК №733	УИК №734	УИК №735	УИК №736	УИК №737	УИК №738	УИК №739	УИК №740	УИК №741	УИК №742	УИК №743	УИК №744	УИК №745	УИК №746	УИК №747	УИК №748	УИК №749	УИК №750	УИК №751	УИК №752	УИК №753	УИК №754	УИК №755	УИК №756	УИК №757	УИК №758	УИК №759	УИК №760	УИК №761	УИК №762	УИК №763					
1	"Число избирателей, включенных в списки избирателей"	15532	945	770	692	720	1078	102	390	221	314	195	226	135	189	330	165	159	596	260	111	206	248	83	152	444	454	236	275	407	213	74	203	304	92	165	327	261	195	195	242	620	311	227	291	45	642	204	210	278	330					
2	"Число избирательных бюллетеней, полученных участковыми избирательными комиссиями"	15388	915	752	682	723	1058	102	390	217	310	192	223	134	191	337	161	164	588	257	111	206	245	83	150	444	448	237	272	407	217	74	203	304	92	164	326	257	193	189	241	615	310	222	289	45	630	203	208	278	329					
3	"Число избирательных бюллетеней, выданных избирателям, проголосовавшим досрочно"	0	0	0	0	0	0	0	0	0	0	0	0	0	0	0	0	0	0	0	0	0	0	0	0	0	0	0	0	0	0	0	0	0	0	0	0	0	0	0	0	0	0	0	0	0	0	0	0	0	0					
4	"Число избирательных бюллетеней, выданных в помещениях для голосования в день голосования"	14662	885	732	659	702	1034	102	373	207	303	182	206	121	184	314	159	149	576	249	111	206	227	76	147	408	428	226	259	386	193	66	201	294	92	152	319	242	183	189	230	573	305	175	283	39	560	170	199	267	319					
5	"Число избирательных бюллетеней, выданных вне помещений для голосования в день голосования"	682	25	20	23	18	16	0	17	10	7	10	17	13	5	16	2	10	10	8	0	0	18	7	3	36	20	10	13	21	20	8	2	10	0	12	7	15	6	0	11	42	5	47	6	6	67	33	9	11	10					
6	Число погашенных избирательных бюллетеней	44	5	0	0	3	8	0	0	0	0	0	0	0	2	7	0	5	2	0	0	0	0	0	0	0	0	1	0	0	4	0	0	0	0	0	0	0	4	0	0	0	0	0	0	0	3	0	0	0	0					
7	Число избирательных бюллетеней в переносных ящиках для голосования	682	25	20	23	18	16	0	17	10	7	10	17	13	5	16	2	10	10	8	0	0	18	7	3	36	20	10	13	21	20	8	2	10	0	12	7	15	6	0	11	42	5	47	6	6	67	33	9	11	10					
8	Число бюллетеней в стационарных ящиках для голосования	14662	885	732	659	702	1034	102	373	207	303	182	206	121	184	314	159	149	576	249	111	206	227	76	147	408	428	226	259	386	193	66	201	294	92	152	319	242	183	189	230	573	305	175	283	39	560	170	199	267	319					
9	Число недействительных избирательных бюллетеней	5	0	0	0	0	1	0	0	0	0	1	0	0	0	0	0	0	0	0	0	0	0	0	0	0	0	0	0	0	0	0	0	0	0	0	0	0	2	0	0	0	0	1	0	0	0	0	0	0	0					
10	Число действительных избирательных бюллетеней	15339	910	752	682	720	1049	102	390	217	310	191	223	134	189	330	161	159	586	257	111	206	245	83	150	444	448	236	272	407	213	74	203	304	92	164	326	257	187	189	241	615	310	221	289	45	627	203	208	278	329					
11	Число полученных открепительных  удостоверений	250	15	15	15	10	15	4	3	3	3	3	3	3	3	3	2	8	10	3	3	3	3	3	3	6	6	5	5	5	6	2	5	3	3	3	5	3	5	3	3	8	4	5	5	1	10	3	3	3	4					
12	"Число открепительных удостоверений, выданных избирателям на избирательных участках"	113	5	10	11	10	11	1	0	3	3	0	0	0	0	2	1	8	10	1	0	0	0	0	1	1	0	2	2	0	6	0	0	0	0	2	1	0	3	0	0	3	1	0	0	0	10	1	2	0	2					
13	"Число избирателей, проголосовавших по открепительным удостоверениям"	41	12	5	2	1	2	0	0	0	0	0	0	0	0	0	2	1	0	1	0	0	2	0	1	0	0	0	1	0	1	0	0	0	0	1	0	0	1	0	0	0	0	0	1	0	4	0	1	2	0					
14	Число неиспользованных открепительных удостоверений	137	10	5	4	0	4	3	3	0	0	3	3	3	3	1	1	0	0	2	3	3	3	3	2	5	6	3	3	5	0	2	5	3	3	1	4	3	2	3	3	5	3	5	5	1	0	2	1	3	2					
15	"Число открепительных удостоверений, выданных избирателям ТИК"	0	0	0	0	0	0	0	0	0	0	0	0	0	0	0	0	0	0	0	0	0	0	0	0	0	0	0	0	0	0	0	0	0	0	0	0	0	0	0	0	0	0	0	0	0	0	0	0	0	0					
16	Число утраченных избирательных бюллетеней	0	0	0	0	0	0	0	0	0	0	0	0	0	0	0	0	0	0	0	0	0	0	0	0	0	0	0	0	0	0	0	0	0	0	0	0	0	0	0	0	0	0	0	0	0	0	0	0	0	0					
17	"Число избирательных бюллетеней, не учтенных при получении"	0	0	0	0	0	0	0	0	0	0	0	0	0	0	0	0	0	0	0	0	0	0	0	0	0	0	0	0	0	0	0	0	0	0	0	0	0	0	0	0	0	0	0	0	0	0	0	0	0	0					
17а	Число утраченных открепительных удостоверений	0	0	0	0	0	0	0	0	0	0	0	0	0	0	0	0	0	0	0	0	0	0	0	0	0	0	0	0	0	0	0	0	0	0	0	0	0	0	0	0	0	0	0	0	0	0	0	0	0	0					
17б	"Число открепительных удостоверений, не учтенных при получении"	0	0	0	0	0	0	0	0	0	0	0	0	0	0	0	0	0	0	0	0	0	0	0	0	0	0	0	0	0	0	0	0	0	0	0	0	0	0	0	0	0	0	0	0	0	0	0	0	0	0					
"Число голосов избирателей, поданных за каждый список"																																																								
18	Богданов Андрей Владимирович	13	2	0	0	0	3	0	0	0	1	0	1	0	0	0	0	1	0	0	0	0	0	0	0	0	0	0	1	0	0	0	0	0	0	0	0	0	0	0	1	0	0	0	0	1	1	0	0	0	1					
		0.08%	0.22%	0.00%	0.00%	0.00%	0.29%	0.00%	0.00%	0.00%	0.32%	0.00%	0.45%	0.00%	0.00%	0.00%	0.00%	0.63%	0.00%	0.00%	0.00%	0.00%	0.00%	0.00%	0.00%	0.00%	0.00%	0.00%	0.37%	0.00%	0.00%	0.00%	0.00%	0.00%	0.00%	0.00%	0.00%	0.00%	0.00%	0.00%	0.41%	0.00%	0.00%	0.00%	0.00%	2.22%	0.16%	0.00%	0.00%	0.00%	0.30%					
19	Жириновский Владимир Вольфович	67	9	2	2	1	11	0	0	1	1	4	2	1	1	1	0	5	2	0	0	0	0	0	0	1	0	0	2	1	1	0	0	0	0	0	0	0	2	1	2	2	1	5	0	0	2	1	2	0	1					
		0.44%	0.99%	0.27%	0.29%	0.14%	1.05%	0.00%	0.00%	0.46%	0.32%	2.08%	0.90%	0.75%	0.53%	0.30%	0.00%	3.14%	0.34%	0.00%	0.00%	0.00%	0.00%	0.00%	0.00%	0.23%	0.00%	0.00%	0.74%	0.25%	0.47%	0.00%	0.00%	0.00%	0.00%	0.00%	0.00%	0.00%	1.06%	0.53%	0.83%	0.33%	0.32%	2.25%	0.00%	0.00%	0.32%	0.49%	0.96%	0.00%	0.30%					
20	Зюганов Геннадий Андреевич	156	12	5	4	1	14	1	4	1	2	17	5	0	4	2	1	5	3	3	0	2	1	1	1	3	6	7	8	1	1	0	2	1	1	1	1	0	12	1	2	6	1	3	1	1	3	1	2	1	1					
		1.02%	1.32%	0.66%	0.59%	0.14%	1.33%	0.98%	1.03%	0.46%	0.65%	8.85%	2.24%	0.00%	2.12%	0.61%	0.62%	3.14%	0.51%	1.17%	0.00%	0.97%	0.41%	1.20%	0.67%	0.68%	1.34%	2.97%	2.94%	0.25%	0.47%	0.00%	0.99%	0.33%	1.09%	0.61%	0.31%	0.00%	6.35%	0.53%	0.83%	0.98%	0.32%	1.35%	0.35%	2.22%	0.48%	0.49%	0.96%	0.36%	0.30%					
21	Медведев Дмитрий Анатольевич	15103	887	745	676	718	1021	101	386	215	306	170	215	133	184	327	160	148	581	254	111	204	244	82	149	440	442	229	261	405	211	74	201	303	91	163	325	257	173	187	236	607	308	213	288	43	621	201	204	277	326					
		98.43%	97.47%	99.07%	99.12%	99.72%	97.24%	99.02%	98.97%	99.08%	98.71%	88.54%	96.41%	99.25%	97.35%	99.09%	99.38%	93.08%	99.15%	98.83%	100.00%	99.03%	99.59%	98.80%	99.33%	99.10%	98.66%	97.03%	95.96%	99.51%	99.06%	100.00%	99.01%	99.67%	98.91%	99.39%	99.69%	100.00%	91.53%	98.94%	97.93%	98.70%	99.35%	95.95%	99.65%	95.56%	99.04%	99.01%	98.08%	99.64%	99.09%					
																																																								
																																																								
																																																								
																																																								
																																																								
																																																								
																																																								
																																																								
																																																								
																																																								
																																																								
																																																								
																																																								
																																																								
																																																								
																																																								
																																																								
																																																								
