Выборы Президента Российской Федерации																																																																		
Дата голосования: 04.03.2012																																																																		
																																																																		
Наименование Избирательной комиссии:    Набережные Челны, Автозаводская																																																																		
																																																																		
Сводная таблица итогов голосования																																																																		
																																																																		
	Число участковых избирательных комиссий	55																																																																
	Число участковых избирательных комиссий, приступивших к передаче сведений	55																																																																
																																																																		
		Сумма	УИК №2136	УИК №2137	УИК №2138	УИК №2139	УИК №2140	УИК №2141	УИК №2142	УИК №2143	УИК №2144	УИК №2145	УИК №2146	УИК №2147	УИК №2148	УИК №2149	УИК №2150	УИК №2151	УИК №2152	УИК №2153	УИК №2154	УИК №2155	УИК №2156	УИК №2157	УИК №2158	УИК №2159	УИК №2160	УИК №2161	УИК №2162	УИК №2163	УИК №2164	УИК №2165	УИК №2166	УИК №2167	УИК №2168	УИК №2169	УИК №2170	УИК №2171	УИК №2172	УИК №2173	УИК №2174	УИК №2175	УИК №2176	УИК №2177	УИК №2178	УИК №2179	УИК №2180	УИК №2181	УИК №2182	УИК №2183	УИК №2184	УИК №2185	УИК №2186	УИК №2187	УИК №2188	УИК №2189	УИК №2190									
1	Число избирателей, включенных в список избирателей	115663	2536	1837	1492	1636	2237	1634	1608	1857	1528	2535	2250	2011	2079	2078	2432	1949	2360	2083	2423	1815	2451	2367	2400	2279	2063	1535	1972	2214	2318	2352	2581	2551	2448	2539	2350	1707	2486	2514	2137	2321	2161	2023	1914	2068	1001	1990	1960	947	2050	2393	2266	2342	2323	1849	2411									
2	Число избирательных бюллетеней, полученных участковой избирательной комиссией	106100	2300	1700	1400	1500	2100	1500	1500	1700	1400	2200	2100	1900	1900	1900	2200	1800	2200	1900	2300	1700	2300	2300	2200	2100	1900	1400	1800	2000	2200	2200	2200	2400	2300	2300	2200	1600	2200	2200	2000	2200	2000	1800	1700	1900	900	1800	1800	900	1900	2100	2000	2100	2100	1600	2300									
3	Число избирательных бюллетеней, выданных избирателям, проголосовавшим досрочно	0	0	0	0	0	0	0	0	0	0	0	0	0	0	0	0	0	0	0	0	0	0	0	0	0	0	0	0	0	0	0	0	0	0	0	0	0	0	0	0	0	0	0	0	0	0	0	0	0	0	0	0	0	0	0	0									
4	Число избирательных бюллетеней, выданных в помещении для голосования в день голосования	95945	2085	1533	1235	1321	2081	1303	1303	1439	1268	2079	2004	1698	1839	1839	2106	1641	1873	1685	1976	1483	1929	1879	1899	1790	1717	1308	1643	1833	1927	2011	1921	2277	2166	2133	1959	1447	1985	2025	1799	2175	1940	1582	1534	1648	830	1766	1696	867	1610	1894	1792	1779	1941	1527	1925									
5	Число избирательных бюллетеней, выданных вне помещения для голосования в день голосования	2326	29	15	29	18	19	40	62	68	63	40	40	40	43	37	35	54	29	14	36	17	81	94	45	43	45	47	63	42	33	31	28	47	34	44	39	15	29	15	50	23	58	54	68	34	2	33	30	23	43	42	47	99	29	61	127									
6	Число погашенных избирательных бюллетеней	7829	186	152	136	161	0	157	135	193	69	81	56	162	18	24	59	105	298	201	288	200	290	327	256	267	138	45	94	125	240	158	251	76	100	123	202	138	186	160	151	2	2	164	98	218	68	1	74	10	247	164	161	222	130	12	248									
7	Число избирательных бюллетеней в переносных ящиках для голосования	2326	29	15	29	18	19	40	62	68	63	40	40	40	43	37	35	54	29	14	36	17	81	94	45	43	45	47	63	42	33	31	28	47	34	44	39	15	29	15	50	23	58	54	68	34	2	33	30	23	43	42	47	99	29	61	127									
8	Число бюллетеней в стационарных ящиках для голосования	95939	2085	1533	1235	1321	2081	1303	1303	1439	1268	2079	2004	1698	1839	1839	2106	1641	1873	1685	1976	1483	1929	1879	1899	1790	1717	1308	1643	1833	1927	2011	1921	2277	2166	2133	1959	1447	1985	2025	1799	2175	1940	1581	1530	1648	830	1766	1696	867	1610	1894	1792	1779	1941	1527	1924									
9	Число недействительных избирательных бюллетеней	1158	25	26	7	16	5	0	8	4	11	49	103	28	8	35	42	8	27	14	41	32	35	13	7	4	15	26	7	12	21	6	5	45	43	28	12	14	12	15	19	68	23	19	16	12	27	9	6	11	20	19	22	39	19	12	8									
10	Число действительных избирательных бюллетеней	97107	2089	1522	1257	1323	2095	1343	1357	1503	1320	2070	1941	1710	1874	1841	2099	1687	1875	1685	1971	1468	1975	1960	1937	1829	1747	1329	1699	1863	1939	2036	1944	2279	2157	2149	1986	1448	2002	2025	1830	2130	1975	1616	1582	1670	805	1790	1720	879	1633	1917	1817	1839	1951	1576	2043									
11	Число полученных открепительных  удостоверений	1390	25	20	20	20	25	20	20	25	20	25	32	32	28	25	25	20	40	25	25	20	30	25	25	40	25	25	25	25	25	30	25	25	25	30	25	20	30	25	25	25	25	20	20	25	20	30	20	20	30	29	30	25	25	20	29									
12	Число открепительных удостоверений, выданных избирателям на избирательном участке	1182	22	17	20	20	24	18	15	22	17	22	32	24	27	15	25	20	32	20	19	16	25	14	23	30	18	22	18	14	16	29	21	25	24	26	21	15	29	25	15	24	20	20	18	25	11	30	11	20	24	25	27	20	24	20	26									
13	Число избирателей, проголосовавших по открепительным удостоверениям	671	13	9	14	10	16	3	6	5	9	10	59	21	13	12	17	5	10	10	13	5	16	14	5	9	6	13	20	13	13	6	9	12	15	9	21	15	11	5	14	20	8	10	22	9	7	10	16	6	19	7	14	2	8	10	17									
14	Число неиспользованных открепительных удостоверений	208	3	3	0	0	1	2	5	3	3	3	0	8	1	10	0	0	8	5	6	4	5	11	2	10	7	3	7	11	9	1	4	0	1	4	4	5	1	0	10	1	5	0	2	0	9	0	9	0	6	4	3	5	1	0	3									
15	Число открепительных удостоверений, выданных избирателям ТИК	102	3	4	3	1	1	1	2	1	0	0	2	1	0	1	4	2	4	0	4	3	0	0	5	2	3	0	2	3	5	4	2	3	1	3	1	0	1	3	1	2	0	2	2	2	0	1	3	0	2	1	0	2	3	5	1									
16	Число утраченных открепительных удостоверений	0	0	0	0	0	0	0	0	0	0	0	0	0	0	0	0	0	0	0	0	0	0	0	0	0	0	0	0	0	0	0	0	0	0	0	0	0	0	0	0	0	0	0	0	0	0	0	0	0	0	0	0	0	0	0	0									
17	Число утраченных избирательных бюллетеней	0	0	0	0	0	0	0	0	0	0	0	0	0	0	0	0	0	0	0	0	0	0	0	0	0	0	0	0	0	0	0	0	0	0	0	0	0	0	0	0	0	0	0	0	0	0	0	0	0	0	0	0	0	0	0	0									
18	Число избирательных бюллетеней, не учтенных при получении	0	0	0	0	0	0	0	0	0	0	0	0	0	0	0	0	0	0	0	0	0	0	0	0	0	0	0	0	0	0	0	0	0	0	0	0	0	0	0	0	0	0	0	0	0	0	0	0	0	0	0	0	0	0	0	0									
																																																																		
19	Жириновский Владимир Вольфович	2800	81	48	10	62	33	12	51	19	41	124	54	20	38	107	73	60	65	13	87	85	73	41	75	74	27	7	76	45	58	43	41	25	33	86	69	63	33	52	76	11	122	40	44	32	13	35	14	20	77	46	41	45	41	35	104									
		2.85%	3.83%	3.10%	0.79%	4.63%	1.57%	0.89%	3.74%	1.26%	3.08%	5.85%	2.64%	1.15%	2.02%	5.70%	3.41%	3.54%	3.42%	0.77%	4.32%	5.67%	3.63%	2.08%	3.86%	4.04%	1.53%	0.52%	4.45%	2.40%	2.96%	2.11%	2.10%	1.08%	1.50%	3.95%	3.45%	4.31%	1.64%	2.55%	4.11%	0.50%	6.11%	2.45%	2.75%	1.90%	1.56%	1.95%	0.81%	2.25%	4.66%	2.38%	2.23%	2.40%	2.08%	2.20%	5.07%									
20	Зюганов Геннадий Андреевич	14844	397	248	164	201	257	264	293	256	175	228	289	342	346	169	441	172	250	255	140	352	239	320	258	248	349	331	197	295	304	268	212	378	220	369	308	144	314	279	307	480	136	192	309	226	171	334	308	107	164	234	312	286	382	352	272									
		15.11%	18.78%	16.02%	12.97%	15.01%	12.24%	19.66%	21.47%	16.99%	13.15%	10.76%	14.14%	19.68%	18.38%	9.01%	20.60%	10.15%	13.14%	15.01%	6.96%	23.47%	11.89%	16.22%	13.27%	13.53%	19.81%	24.43%	11.55%	15.73%	15.51%	13.12%	10.88%	16.27%	10.00%	16.95%	15.42%	9.85%	15.59%	13.68%	16.60%	21.84%	6.81%	11.74%	19.34%	13.44%	20.55%	18.57%	17.84%	12.02%	9.92%	12.09%	16.97%	15.23%	19.39%	22.17%	13.26%									
21	Миронов Сергей Михайлович	1963	58	22	10	24	9	6	21	14	26	41	125	33	32	38	76	35	46	10	55	53	56	32	73	73	32	9	32	55	38	18	28	13	31	50	38	32	27	43	54	13	71	41	16	14	7	25	36	13	38	30	32	41	24	34	60									
		1.99%	2.74%	1.42%	0.79%	1.79%	0.43%	0.45%	1.54%	0.93%	1.95%	1.93%	6.12%	1.90%	1.70%	2.03%	3.55%	2.06%	2.42%	0.59%	2.73%	3.53%	2.79%	1.62%	3.76%	3.98%	1.82%	0.66%	1.88%	2.93%	1.94%	0.88%	1.44%	0.56%	1.41%	2.30%	1.90%	2.19%	1.34%	2.11%	2.92%	0.59%	3.55%	2.51%	1.00%	0.83%	0.84%	1.39%	2.09%	1.46%	2.30%	1.55%	1.74%	2.18%	1.22%	2.14%	2.93%									
22	Прохоров Михаил Дмитриевич	3044	90	52	10	30	6	10	34	23	56	83	26	16	72	120	102	95	93	36	195	148	66	52	61	62	51	6	46	62	67	33	11	40	40	32	31	71	26	56	112	29	88	19	14	39	10	26	12	59	44	71	51	85	150	36	89									
		3.10%	4.26%	3.36%	0.79%	2.24%	0.29%	0.74%	2.49%	1.53%	4.21%	3.92%	1.27%	0.92%	3.83%	6.40%	4.76%	5.60%	4.89%	2.12%	9.69%	9.87%	3.28%	2.64%	3.14%	3.38%	2.89%	0.44%	2.70%	3.31%	3.42%	1.62%	0.56%	1.72%	1.82%	1.47%	1.55%	4.86%	1.29%	2.75%	6.06%	1.32%	4.40%	1.16%	0.88%	2.32%	1.20%	1.45%	0.70%	6.63%	2.66%	3.67%	2.77%	4.53%	7.61%	2.27%	4.34%									
23	Путин Владимир Владимирович	74456	1463	1152	1063	1006	1790	1051	958	1191	1022	1594	1447	1299	1386	1407	1407	1325	1421	1371	1494	830	1541	1515	1470	1372	1288	976	1348	1406	1472	1674	1652	1823	1833	1612	1540	1138	1602	1595	1281	1597	1558	1324	1199	1359	604	1370	1350	680	1310	1536	1381	1382	1354	1119	1518									
		75.77%	69.21%	74.42%	84.10%	75.13%	85.24%	78.26%	70.18%	79.03%	76.78%	75.22%	70.79%	74.74%	73.65%	75.00%	65.72%	78.17%	74.71%	80.69%	74.25%	55.33%	76.67%	76.79%	75.62%	74.85%	73.10%	72.03%	79.02%	74.99%	75.10%	81.98%	84.76%	78.44%	83.32%	74.05%	77.08%	77.84%	79.54%	78.19%	69.28%	72.66%	77.98%	80.98%	75.03%	80.80%	72.60%	76.15%	78.22%	76.40%	79.25%	79.34%	75.10%	73.59%	68.73%	70.47%	74.01%									
																																																																		
																																																																		
																																																																		
																																																																		
																																																																		
																																																																		
																																																																		
																																																																		
																																																																		
																																																																		
																																																																		
																																																																		
																																																																		
																																																																		
																																																																		
																																																																		
																																																																		
																																																																		
																																																																		
																																																																		
																																																																		
																																																																		
																																																																		
																																																																		
																																																																		
																																																																		
																																																																		
