Выборы депутатов Государственной Думы Федерального Собрания Российской Федерации шестого созыва																																																																																																																																											
Дата голосования: 04.12.2011																																																																																																																																											
																																																																																																																																											
Наименование Избирательной комиссии:    Гатчинская																																																																																																																																											
																																																																																																																																											
Сводная таблица результатов выборов																																																																																																																																											
																																																																																																																																											
		Сумма	УИК №352	УИК №353	УИК №354	УИК №355	УИК №356	УИК №357	УИК №358	УИК №359	УИК №360	УИК №361	УИК №362	УИК №363	УИК №364	УИК №365	УИК №366	УИК №367	УИК №368	УИК №369	УИК №370	УИК №371	УИК №372	УИК №373	УИК №374	УИК №375	УИК №376	УИК №377	УИК №378	УИК №379	УИК №380	УИК №381	УИК №382	УИК №383	УИК №384	УИК №385	УИК №386	УИК №387	УИК №388	УИК №389	УИК №390	УИК №391	УИК №392	УИК №393	УИК №394	УИК №395	УИК №396	УИК №397	УИК №398	УИК №399	УИК №400	УИК №401	УИК №402	УИК №403	УИК №404	УИК №405	УИК №406	УИК №407	УИК №408	УИК №409	УИК №410	УИК №411	УИК №412	УИК №413	УИК №414	УИК №415	УИК №416	УИК №417	УИК №418	УИК №419	УИК №420	УИК №421	УИК №422	УИК №423	УИК №424	УИК №425	УИК №426	УИК №427	УИК №428	УИК №429	УИК №430	УИК №431	УИК №432	УИК №433	УИК №434	УИК №435	УИК №436	УИК №437	УИК №438	УИК №439	УИК №440	УИК №441	УИК №442	УИК №443	УИК №444	УИК №445	УИК №446	УИК №447	УИК №448	УИК №449	УИК №450	УИК №451	УИК №452	УИК №453	УИК №454	УИК №455	УИК №456	УИК №457	УИК №458	УИК №459	УИК №460	УИК №461	УИК №462	УИК №463	УИК №464	УИК №465	УИК №466	УИК №467	УИК №468	УИК №469	УИК №470	УИК №471	УИК №472	УИК №473	УИК №474	УИК №475	УИК №476	УИК №477	УИК №478	УИК №479	УИК №480	УИК №481	УИК №482	УИК №483					
1	"Число избирателей, внесенных в список избирателей"	166049	2001	349	2063	2478	2601	2478	1634	2621	2287	1917	1960	2036	2123	1322	1603	172	2123	2169	1766	1555	2566	2139	1381	1441	1613	2489	1319	1763	602	1493	633	1585	621	2742	1823	1886	2164	1768	2411	1900	922	705	384	1774	1050	654	498	720	565	1093	171	169	1312	1172	1416	971	1146	949	447	363	421	2026	1972	965	484	868	458	755	757	324	383	504	526	552	481	876	873	573	572	722	656	880	976	720	740	1049	1621	1671	190	2125	2499	1767	1536	2044	1919	1998	2064	1886	2448	2697	1521	2403	1666	355	958	1239	627	178	549	299	1890	1255	774	1356	1074	1266	785	895	508	284	2059	1119	1486	1350	1383	554	440	943	676	594	724	183					
2	"Число избирательных бюллетеней, полученных участковой избирательной комиссией"	165590	1900	400	2050	2450	2550	2400	1450	2600	2100	1900	1950	2000	2100	1300	1750	170	2050	2200	1700	1500	2500	2050	1350	1400	1550	2450	1350	1850	600	1500	650	1600	600	2750	1800	1850	2150	1750	2450	2000	900	650	350	1790	1000	600	450	700	500	1100	180	160	1400	1200	1500	950	1100	900	400	350	400	2100	2000	950	450	940	450	700	750	300	350	500	450	550	500	850	850	450	550	750	650	900	1000	750	700	1050	1600	1650	180	2100	2600	1750	1500	2100	2000	2000	2050	2000	2400	2650	1550	2350	1800	400	1050	1300	600	200	600	300	1850	1250	800	1400	1150	1400	850	850	950	250	2000	1100	1500	1300	1350	500	400	950	700	550	800	170					
3	"Число избирательных бюллетеней, выданных избирателям, проголосовавшим досрочно"	0	0	0	0	0	0	0	0	0	0	0	0	0	0	0	0	0	0	0	0	0	0	0	0	0	0	0	0	0	0	0	0	0	0	0	0	0	0	0	0	0	0	0	0	0	0	0	0	0	0	0	0	0	0	0	0	0	0	0	0	0	0	0	0	0	0	0	0	0	0	0	0	0	0	0	0	0	0	0	0	0	0	0	0	0	0	0	0	0	0	0	0	0	0	0	0	0	0	0	0	0	0	0	0	0	0	0	0	0	0	0	0	0	0	0	0	0	0	0	0	0	0	0	0	0	0	0	0	0	0	0	0	0					
4	"Число избирательных бюллетеней, выданных избирателям в помещении для голосования"	81360	1124	118	1225	1294	1381	1383	1018	1464	1272	873	1060	1047	1156	745	937	96	1148	930	726	668	1221	980	646	754	784	1229	617	813	270	609	249	649	243	1492	861	978	917	898	1256	853	313	256	128	909	502	257	204	250	231	429	88	83	674	472	622	441	491	515	219	198	204	960	921	394	204	320	205	363	374	144	171	223	200	353	191	498	437	285	302	287	267	472	545	440	366	493	793	826	133	1066	922	794	884	909	948	861	1128	1052	1348	1356	885	1247	923	137	479	476	89	90	288	169	844	516	336	918	504	548	354	313	493	134	1084	482	703	663	661	241	149	481	298	278	580	92					
5	"Число избирательных бюллетеней, выданных избирателям вне помещения для голосования"	5691	19	150	13	26	21	14	60	9	10	7	12	13	17	17	30	71	89	179	18	10	22	17	6	15	8	10	168	131	127	44	37	51	51	29	26	23	31	12	27	34	23	61	15	41	41	19	29	32	47	123	34	24	66	60	103	62	113	53	27	31	43	48	29	48	38	65	21	16	20	21	20	28	34	14	26	15	17	5	6	39	18	6	11	0	28	64	43	69	0	12	47	25	5	19	15	27	12	9	15	22	15	26	44	49	43	130	456	18	17	43	36	82	11	10	186	126	51	42	15	35	59	40	22	87	64	54	80	45	68	34	14	31					
6	Число погашенных избирательных бюллетеней	78553	757	132	812	1130	1148	1003	372	1127	818	1020	878	940	927	538	783	3	813	1091	956	822	1257	1053	698	631	758	1211	565	906	203	847	364	900	306	1229	913	849	1216	840	1167	1113	564	333	207	840	457	324	217	418	222	548	58	53	660	668	775	447	496	332	154	121	153	1092	1050	508	208	555	224	321	356	135	159	249	216	183	283	337	396	160	242	424	365	422	444	310	306	493	764	755	47	1022	1631	931	611	1172	1037	1112	910	939	1037	1272	650	1077	833	214	528	694	55	92	295	88	970	652	453	472	460	726	445	495	442	81	857	578	775	550	625	205	171	424	334	238	206	47					
7	Число избирательных бюллетеней в переносных ящиках для голосования	5690	19	150	13	26	21	14	60	9	10	7	12	13	17	17	30	71	89	179	18	10	22	17	6	15	8	10	168	131	127	44	37	51	51	29	26	23	31	12	27	34	23	61	15	41	41	19	29	32	47	123	34	24	66	60	103	62	113	53	27	31	43	48	29	48	38	65	21	16	20	21	20	28	34	14	26	15	17	5	6	39	18	6	11	0	28	64	43	69	0	12	47	25	5	19	15	27	12	9	15	22	15	26	44	49	43	130	456	18	17	43	36	82	11	10	186	126	51	42	15	35	59	40	21	87	64	54	80	45	68	34	14	31					
8	Число избирательных бюллетеней в стационарных ящиках для голосования	81200	1124	118	1208	1281	1381	1370	946	1455	1272	873	1048	1046	1156	744	937	96	1148	930	726	668	1221	980	646	754	784	1227	614	813	270	608	249	649	243	1492	861	978	917	898	1256	853	313	256	128	909	502	257	204	250	231	429	88	83	674	472	621	441	489	515	219	198	204	960	921	394	204	320	205	363	374	144	171	223	200	353	191	498	436	285	302	286	267	472	545	440	366	493	793	826	133	1066	918	793	884	909	948	861	1127	1052	1348	1356	885	1247	923	137	478	476	89	90	288	169	844	516	336	918	504	548	354	313	493	134	1082	482	701	663	661	241	149	481	298	278	580	92					
9	Число недействительных избирательных бюллетеней	2211	43	10	29	23	35	37	17	36	19	23	16	42	52	13	21	8	34	26	19	10	25	27	7	27	18	29	30	32	78	28	9	24	5	51	22	20	21	25	33	20	6	10	3	21	9	7	4	6	5	11	3	2	15	21	31	16	15	13	8	10	10	27	24	10	6	11	5	10	5	2	6	8	5	6	7	17	9	5	5	6	7	10	8	9	4	0	53	33	1	20	12	16	18	15	21	20	23	27	20	34	13	12	20	7	17	7	6	2	2	3	23	19	11	18	12	26	7	8	20	3	40	8	30	10	22	10	3	23	10	10	8	6					
10	Число действительных избирательных бюллетеней	84679	1100	258	1192	1284	1367	1347	989	1428	1263	857	1044	1017	1121	748	946	159	1203	1083	725	668	1218	970	645	742	774	1208	752	912	319	624	277	676	289	1470	865	981	927	885	1250	867	330	307	140	929	534	269	229	276	273	541	119	105	725	511	693	487	587	555	238	219	237	981	926	432	236	374	221	369	389	163	185	243	229	361	210	496	444	285	303	319	278	468	548	431	390	557	783	862	132	1058	953	802	871	913	942	868	1116	1034	1343	1344	887	1261	947	179	504	599	539	106	303	209	857	579	336	910	678	648	398	347	488	166	1101	514	692	740	703	285	226	503	356	302	586	117					
11	"Число открепительных удостоверений, полученных участковой избирательной комиссией"	2015	20	0	30	25	30	33	23	30	20	20	23	20	30	10	22	0	40	48	10	10	24	19	14	15	14	24	12	18	5	13	8	13	10	25	27	25	22	20	17	20	10	10	5	15	20	18	5	8	8	22	0	1	15	15	15	18	20	28	10	4	9	20	25	29	5	10	5	8	10	2	5	10	10	5	5	15	20	10	10	10	5	20	18	20	5	10	15	26	5	35	20	20	20	14	23	15	20	18	25	30	20	28	25	15	10	15	0	2	13	2	25	15	10	23	15	16	10	10	10	0	25	5	5	25	15	7	8	10	8	5	10	5					
12	"Число открепительных удостоверений, выданных избирателям на избирательном участке"	1712	17	0	25	16	28	33	21	28	20	14	21	17	29	10	22	0	23	32	8	10	20	15	14	9	13	21	12	18	5	12	4	10	9	21	25	17	16	15	16	13	10	6	4	15	18	13	4	6	5	22	0	1	15	15	15	18	15	26	6	4	9	18	22	24	3	9	4	8	6	1	5	5	6	5	4	10	13	10	8	9	5	19	18	17	1	7	14	24	1	28	19	19	20	14	23	15	18	18	23	22	20	26	25	10	10	13	0	2	3	2	23	15	7	23	15	16	5	7	8	0	19	5	3	21	15	7	5	5	5	5	10	1					
13	"Число избирателей, проголосовавших по открепительным удостоверениям на избирательном участке"	1664	18	21	10	6	11	24	12	21	147	5	23	13	16	13	14	0	6	15	3	8	8	8	3	3	4	6	12	1	5	8	6	9	5	27	29	12	16	10	18	10	14	6	9	14	34	17	12	3	19	8	6	13	17	5	15	16	4	22	26	7	3	13	7	5	6	10	3	2	5	9	7	11	9	9	14	12	12	10	7	13	7	25	11	4	13	15	8	5	12	23	7	13	11	5	17	9	13	7	12	4	9	13	8	2	5	21	25	6	25	3	2	10	3	3	16	11	7	20	20	12	76	25	7	9	12	29	14	12	7	4	2	5					
14	Число погашенных неиспользованных открепительных удостоверений	303	3	0	5	9	2	0	2	2	0	6	2	3	1	0	0	0	17	16	2	0	4	4	0	6	1	3	0	0	0	1	4	3	1	4	2	8	6	5	1	7	0	4	1	0	2	5	1	2	3	0	0	0	0	0	0	0	5	2	4	0	0	2	3	5	2	1	1	0	4	1	0	5	4	0	1	5	7	0	2	1	0	1	0	3	4	3	1	2	4	7	1	1	0	0	0	0	2	0	2	8	0	2	0	5	0	2	0	0	10	0	2	0	3	0	0	0	5	3	2	0	6	0	2	4	0	0	3	5	3	0	0	4					
15	"Число открепительных удостоверений, выданных избирателям территориальной избирательной комиссией"	14	0	0	0	0	1	0	0	0	1	0	0	0	0	0	0	0	0	0	0	0	0	0	0	0	0	0	0	0	0	0	1	0	0	0	0	0	1	1	0	0	1	0	0	0	0	0	0	0	0	0	0	0	0	0	0	0	0	0	0	0	0	0	0	0	0	0	0	0	0	0	0	0	0	0	0	0	0	0	0	0	0	0	0	0	0	0	0	0	0	0	1	0	0	0	0	0	0	0	1	2	1	0	0	0	0	0	0	0	0	0	0	0	0	0	0	0	0	0	0	0	1	1	0	0	1	0	0	0	0	0	0	0					
16	Число утраченных открепительных удостоверений	0	0	0	0	0	0	0	0	0	0	0	0	0	0	0	0	0	0	0	0	0	0	0	0	0	0	0	0	0	0	0	0	0	0	0	0	0	0	0	0	0	0	0	0	0	0	0	0	0	0	0	0	0	0	0	0	0	0	0	0	0	0	0	0	0	0	0	0	0	0	0	0	0	0	0	0	0	0	0	0	0	0	0	0	0	0	0	0	0	0	0	0	0	0	0	0	0	0	0	0	0	0	0	0	0	0	0	0	0	0	0	0	0	0	0	0	0	0	0	0	0	0	0	0	0	0	0	0	0	0	0	0	0					
17	Число утраченных избирательных бюллетеней	0	0	0	0	0	0	0	0	0	0	0	0	0	0	0	0	0	0	0	0	0	0	0	0	0	0	0	0	0	0	0	0	0	0	0	0	0	0	0	0	0	0	0	0	0	0	0	0	0	0	0	0	0	0	0	0	0	0	0	0	0	0	0	0	0	0	0	0	0	0	0	0	0	0	0	0	0	0	0	0	0	0	0	0	0	0	0	0	0	0	0	0	0	0	0	0	0	0	0	0	0	0	0	0	0	0	0	0	0	0	0	0	0	0	0	0	0	0	0	0	0	0	0	0	0	0	0	0	0	0	0	0	0					
18	"Число избирательных бюллетеней, не учтенных при получении"	14	0	0	0	0	0	0	0	0	0	0	0	0	0	0	0	0	0	0	0	0	0	0	0	0	0	0	0	0	0	0	0	0	0	0	0	0	14	0	0	0	0	0	0	0	0	0	0	0	0	0	0	0	0	0	0	0	0	0	0	0	0	0	0	0	0	0	0	0	0	0	0	0	0	0	0	0	0	0	0	0	0	0	0	0	0	0	0	0	0	0	0	0	0	0	0	0	0	0	0	0	0	0	0	0	0	0	0	0	0	0	0	0	0	0	0	0	0	0	0	0	0	0	0	0	0	0	0	0	0	0	0	0					
																																																																																																																																											
19	1. Политическая партия СПРАВЕДЛИВАЯ РОССИЯ	22357	258	77	373	407	370	378	223	395	340	229	306	294	337	177	268	28	307	242	184	172	317	248	157	231	212	348	133	171	55	136	56	148	68	453	256	303	266	304	351	231	86	90	37	268	136	59	66	65	61	166	33	16	200	130	167	134	150	130	54	61	64	277	244	112	57	98	59	126	152	39	51	65	55	64	62	143	146	91	75	98	75	101	155	100	84	80	198	195	15	311	221	229	269	248	286	215	334	321	415	380	249	368	282	36	134	167	80	27	58	51	249	143	106	148	171	149	97	93	106	54	217	147	170	146	204	74	51	114	72	67	82	17					
		25.73%	22.57%	28.73%	30.55%	31.14%	26.39%	27.31%	22.17%	26.98%	26.52%	26.02%	28.87%	27.76%	28.73%	23.26%	27.71%	16.77%	24.82%	21.82%	24.73%	25.37%	25.50%	24.87%	24.08%	30.04%	26.77%	28.13%	17.01%	18.11%	13.85%	20.86%	19.58%	21.14%	23.13%	29.78%	28.86%	30.27%	28.06%	33.41%	27.36%	26.04%	25.60%	28.39%	25.87%	28.21%	25.05%	21.38%	28.33%	23.05%	21.94%	30.07%	27.05%	14.95%	27.03%	24.44%	23.07%	26.64%	24.92%	22.89%	21.95%	26.64%	25.91%	27.48%	25.68%	25.34%	23.55%	25.45%	26.11%	33.25%	38.58%	23.64%	26.70%	25.90%	23.50%	17.44%	28.57%	27.88%	32.23%	31.38%	24.35%	30.15%	26.32%	21.13%	27.88%	22.73%	21.32%	14.36%	23.68%	21.79%	11.28%	28.85%	22.90%	27.99%	30.26%	26.72%	29.70%	24.21%	29.32%	30.25%	30.45%	27.58%	27.67%	28.91%	29.16%	19.35%	25.72%	27.56%	14.68%	25.00%	19.02%	24.06%	28.30%	23.91%	30.55%	15.95%	24.78%	22.11%	23.95%	26.20%	20.87%	31.95%	19.02%	28.16%	23.55%	19.47%	28.14%	25.08%	22.27%	21.67%	19.67%	21.47%	13.80%	13.82%					
20	"2. Политическая партия ""Либерально-демократическая партия России"""	12273	160	30	132	144	155	156	184	217	158	172	131	146	187	114	135	12	223	206	111	101	223	183	130	91	106	215	130	152	39	100	44	107	43	166	113	140	126	120	163	146	56	39	21	119	63	35	30	52	21	74	25	24	75	86	118	45	81	77	34	27	32	158	131	82	35	52	35	51	49	16	21	31	35	42	26	48	47	38	47	34	39	100	74	55	48	69	110	111	36	135	144	118	98	130	168	125	142	122	156	165	125	174	146	26	77	66	77	16	41	27	151	83	41	226	92	76	61	45	86	19	149	85	119	112	100	40	33	51	64	41	140	16					
		14.12%	13.99%	11.19%	10.81%	11.02%	11.06%	11.27%	18.29%	14.82%	12.32%	19.55%	12.36%	13.79%	15.94%	14.98%	13.96%	7.19%	18.03%	18.58%	14.92%	14.90%	17.94%	18.36%	19.94%	11.83%	13.38%	17.38%	16.62%	16.10%	9.82%	15.34%	15.38%	15.29%	14.63%	10.91%	12.74%	13.99%	13.29%	13.19%	12.70%	16.46%	16.67%	12.30%	14.69%	12.53%	11.60%	12.68%	12.88%	18.44%	7.55%	13.41%	20.49%	22.43%	10.14%	16.17%	16.30%	8.95%	13.46%	13.56%	13.82%	11.79%	12.96%	15.67%	13.79%	18.55%	14.46%	13.51%	15.49%	13.46%	12.44%	9.70%	10.99%	12.35%	14.96%	11.44%	11.98%	9.36%	10.38%	13.10%	15.26%	10.46%	13.68%	20.92%	13.31%	12.50%	12.18%	12.39%	13.16%	12.40%	27.07%	12.52%	14.92%	14.43%	11.02%	14.01%	17.45%	14.08%	12.47%	11.50%	11.45%	11.97%	13.89%	13.67%	15.10%	13.98%	14.78%	10.89%	14.13%	14.81%	13.44%	12.74%	17.16%	13.88%	11.82%	24.35%	13.33%	11.28%	15.06%	12.68%	16.93%	11.24%	13.06%	16.28%	16.48%	14.93%	13.79%	13.56%	14.41%	9.70%	17.49%	13.14%	23.57%	13.01%					
21	"3. Политическая партия ""ПАТРИОТЫ РОССИИ"""	1066	17	2	8	18	24	15	11	25	19	11	18	10	26	9	8	6	8	16	6	12	19	17	13	9	12	18	9	9	4	5	1	7	6	26	12	19	7	16	15	7	2	3	3	14	6	2	3	3	8	5	1	0	9	6	12	8	6	6	3	1	2	5	5	3	1	1	0	2	4	1	1	1	2	3	2	11	5	2	6	7	2	4	6	6	2	4	17	9	2	12	22	8	9	12	15	13	18	20	19	19	13	19	8	1	5	1	6	0	3	3	8	11	3	12	5	6	3	2	5	1	11	2	5	4	13	5	2	7	4	3	10	1					
		1.23%	1.49%	0.75%	0.66%	1.38%	1.71%	1.08%	1.09%	1.71%	1.48%	1.25%	1.70%	0.94%	2.22%	1.18%	0.83%	3.59%	0.65%	1.44%	0.81%	1.77%	1.53%	1.71%	1.99%	1.17%	1.52%	1.46%	1.15%	0.95%	1.01%	0.77%	0.35%	1.00%	2.04%	1.71%	1.35%	1.90%	0.74%	1.76%	1.17%	0.79%	0.60%	0.95%	2.10%	1.47%	1.10%	0.72%	1.29%	1.06%	2.88%	0.91%	0.82%	0.00%	1.22%	1.13%	1.66%	1.59%	0.99%	1.06%	1.22%	0.44%	0.81%	0.50%	0.53%	0.68%	0.41%	0.26%	0.00%	0.53%	1.02%	0.61%	0.52%	0.40%	0.85%	0.82%	0.92%	2.14%	1.10%	0.69%	1.95%	2.15%	0.70%	0.84%	1.08%	1.36%	0.51%	0.72%	2.03%	1.01%	1.50%	1.11%	2.28%	0.98%	1.01%	1.29%	1.56%	1.46%	1.58%	1.89%	1.39%	1.38%	1.44%	1.49%	0.83%	0.54%	0.96%	0.17%	1.10%	0.00%	0.98%	1.42%	0.91%	1.84%	0.86%	1.29%	0.72%	0.89%	0.74%	0.56%	0.98%	0.59%	0.96%	0.38%	0.69%	0.53%	1.79%	1.69%	0.87%	1.33%	1.09%	0.96%	1.68%	0.81%					
22	"4. Политическая партия ""Коммунистическая партия Российской Федерации"""	16506	206	38	252	278	299	273	164	311	302	143	231	220	215	168	184	23	214	173	146	145	258	150	105	128	136	191	123	169	48	141	49	109	48	316	187	188	208	146	276	184	86	67	22	236	146	59	44	61	61	100	18	19	147	104	137	97	106	112	44	33	34	165	194	63	32	78	63	105	72	44	43	52	55	74	50	133	117	62	72	75	73	107	151	133	52	95	84	145	9	220	180	205	228	219	179	174	256	221	313	319	173	289	126	24	89	93	31	11	49	26	164	117	61	161	122	85	61	65	71	27	175	65	121	111	104	47	43	64	30	19	85	7					
		18.99%	18.02%	14.18%	20.64%	21.27%	21.33%	19.73%	16.30%	21.24%	23.56%	16.25%	21.79%	20.77%	18.33%	22.08%	19.03%	13.77%	17.30%	15.60%	19.62%	21.39%	20.76%	15.05%	16.10%	16.64%	17.17%	15.44%	15.73%	17.90%	12.09%	21.63%	17.13%	15.57%	16.33%	20.78%	21.08%	18.78%	21.94%	16.04%	21.51%	20.74%	25.60%	21.14%	15.38%	24.84%	26.89%	21.38%	18.88%	21.63%	21.94%	18.12%	14.75%	17.76%	19.86%	19.55%	18.92%	19.28%	17.61%	19.72%	17.89%	14.41%	13.77%	16.37%	20.42%	14.25%	13.22%	20.26%	27.88%	27.70%	18.27%	26.67%	22.51%	20.72%	23.50%	20.16%	23.04%	25.93%	25.83%	21.38%	23.38%	23.08%	25.61%	22.38%	27.16%	30.23%	13.20%	17.06%	10.05%	16.20%	6.77%	20.41%	18.65%	25.06%	25.65%	23.60%	18.59%	19.59%	22.48%	20.83%	22.96%	23.15%	19.22%	22.70%	13.03%	12.90%	17.08%	15.35%	5.69%	10.19%	16.07%	12.26%	18.64%	19.57%	17.58%	17.35%	17.68%	12.61%	15.06%	18.31%	13.98%	15.98%	15.34%	12.45%	16.76%	14.80%	14.34%	15.93%	18.78%	12.17%	8.20%	6.09%	14.31%	5.69%					
23	"5. Политическая партия ""Российская объединенная демократическая партия ""ЯБЛОКО"""	5745	134	7	151	118	144	179	64	123	121	85	108	96	78	57	68	3	62	40	53	51	85	70	58	56	72	104	29	35	22	39	22	56	19	124	77	93	75	69	108	68	23	16	10	41	29	16	15	15	25	20	0	6	37	33	34	38	32	29	14	11	7	33	42	26	15	19	4	9	26	4	14	19	16	5	11	32	31	18	16	18	9	21	41	33	13	18	47	32	1	82	94	73	70	74	70	80	86	91	111	104	85	102	33	6	21	30	17	6	10	28	18	20	19	31	29	19	13	18	19	2	68	12	25	27	25	16	9	16	8	6	24	1					
		6.61%	11.72%	2.61%	12.37%	9.03%	10.27%	12.93%	6.36%	8.40%	9.44%	9.66%	10.19%	9.07%	6.65%	7.49%	7.03%	1.80%	5.01%	3.61%	7.12%	7.52%	6.84%	7.02%	8.90%	7.28%	9.09%	8.41%	3.71%	3.71%	5.54%	5.98%	7.69%	8.00%	6.46%	8.15%	8.68%	9.29%	7.91%	7.58%	8.42%	7.67%	6.85%	5.05%	6.99%	4.32%	5.34%	5.80%	6.44%	5.32%	8.99%	3.62%	0.00%	5.61%	5.00%	6.20%	4.70%	7.55%	5.32%	5.11%	5.69%	4.80%	2.83%	3.27%	4.42%	5.88%	6.20%	4.94%	1.77%	2.37%	6.60%	2.42%	7.33%	7.57%	6.84%	1.36%	5.07%	6.24%	6.84%	6.21%	5.19%	5.54%	3.16%	4.39%	7.37%	7.50%	3.30%	3.23%	5.62%	3.58%	0.75%	7.61%	9.74%	8.92%	7.87%	7.97%	7.27%	9.01%	7.55%	8.58%	8.14%	7.55%	9.44%	8.01%	3.41%	3.23%	4.03%	4.95%	3.12%	5.56%	3.28%	13.21%	2.05%	3.34%	5.48%	3.34%	4.20%	2.82%	3.21%	5.07%	3.74%	1.18%	5.96%	2.30%	3.46%	3.60%	3.45%	5.42%	3.93%	3.04%	2.19%	1.92%	4.04%	0.81%					
24	"6. Всероссийская политическая партия ""ЕДИНАЯ РОССИЯ"""	26091	305	102	258	313	364	330	338	344	313	212	242	242	268	216	277	86	385	397	222	185	303	295	175	223	226	327	327	372	147	195	104	243	103	367	208	228	234	225	326	221	77	92	46	244	152	97	68	80	92	173	40	40	255	147	223	163	211	197	88	85	97	334	301	142	93	124	59	72	85	58	54	71	63	173	57	124	96	73	85	85	79	132	116	102	190	290	321	361	68	287	289	163	191	222	218	253	271	253	321	347	235	298	346	86	174	240	323	46	141	72	264	201	103	328	253	310	162	122	197	62	475	199	248	333	252	100	86	248	174	165	235	75					
		30.03%	26.68%	38.06%	21.13%	23.95%	25.96%	23.84%	33.60%	23.50%	24.41%	24.09%	22.83%	22.85%	22.85%	28.38%	28.65%	51.50%	31.12%	35.80%	29.84%	27.29%	24.38%	29.59%	26.84%	28.99%	28.54%	26.43%	41.82%	39.41%	37.03%	29.91%	36.36%	34.71%	35.03%	24.13%	23.45%	22.78%	24.68%	24.73%	25.41%	24.92%	22.92%	29.02%	32.17%	25.68%	27.99%	35.14%	29.18%	28.37%	33.09%	31.34%	32.79%	37.38%	34.46%	27.63%	30.80%	32.41%	35.05%	34.68%	35.77%	37.12%	39.27%	33.13%	31.68%	32.13%	38.43%	32.21%	26.11%	18.99%	21.57%	35.15%	28.27%	28.29%	26.92%	47.14%	26.27%	24.17%	21.19%	25.17%	27.60%	26.15%	27.72%	27.62%	20.86%	23.18%	48.22%	52.06%	38.40%	40.34%	51.13%	26.62%	29.95%	19.93%	21.48%	23.92%	22.64%	28.49%	23.79%	23.85%	23.55%	25.18%	26.11%	23.41%	35.78%	46.24%	33.40%	39.60%	59.27%	42.59%	46.23%	33.96%	30.00%	33.61%	29.68%	35.34%	36.67%	45.99%	40.00%	34.37%	38.78%	36.69%	41.63%	38.12%	34.35%	44.40%	34.76%	33.90%	37.55%	47.15%	47.54%	52.88%	39.56%	60.98%					
25	"7. Всероссийская политическая партия ""ПРАВОЕ ДЕЛО"""	641	20	2	18	6	11	16	5	13	10	5	8	9	10	7	6	1	4	9	3	2	13	7	7	4	10	5	1	4	4	8	1	6	2	18	12	10	11	5	11	10	0	0	1	7	2	1	3	0	5	3	2	0	2	5	2	2	1	4	1	1	1	9	9	4	3	2	1	4	1	1	1	4	3	0	2	5	2	1	2	2	1	3	5	2	1	1	6	9	1	11	3	6	6	8	6	8	9	6	8	10	7	11	6	0	4	2	5	0	1	2	3	4	3	4	6	3	1	2	4	1	6	4	4	7	5	3	2	3	4	1	10	0					
		0.74%	1.75%	0.75%	1.47%	0.46%	0.78%	1.16%	0.50%	0.89%	0.78%	0.57%	0.75%	0.85%	0.85%	0.92%	0.62%	0.60%	0.32%	0.81%	0.40%	0.29%	1.05%	0.70%	1.07%	0.52%	1.26%	0.40%	0.13%	0.42%	1.01%	1.23%	0.35%	0.86%	0.68%	1.18%	1.35%	0.99%	1.16%	0.55%	0.86%	1.13%	0.00%	0.00%	0.70%	0.74%	0.37%	0.36%	1.29%	0.00%	1.80%	0.54%	1.64%	0.00%	0.27%	0.94%	0.28%	0.40%	0.17%	0.70%	0.41%	0.44%	0.40%	0.89%	0.95%	0.90%	1.24%	0.52%	0.44%	1.06%	0.25%	0.61%	0.52%	1.59%	1.28%	0.00%	0.92%	0.97%	0.44%	0.34%	0.65%	0.62%	0.35%	0.63%	0.90%	0.45%	0.25%	0.18%	0.72%	1.01%	0.75%	1.02%	0.31%	0.73%	0.67%	0.86%	0.62%	0.90%	0.79%	0.57%	0.59%	0.73%	0.78%	0.86%	0.62%	0.00%	0.77%	0.33%	0.92%	0.00%	0.33%	0.94%	0.34%	0.67%	0.86%	0.43%	0.87%	0.45%	0.25%	0.56%	0.79%	0.59%	0.53%	0.77%	0.55%	0.93%	0.69%	1.02%	0.87%	0.57%	1.09%	0.32%	1.68%	0.00%					
																																																																																																																																											
																																																																																																																																											
																																																																																																																																											
																																																																																																																																											
																																																																																																																																											
																																																																																																																																											
																																																																																																																																											
																																																																																																																																											
																																																																																																																																											
																																																																																																																																											
																																																																																																																																											
																																																																																																																																											
																																																																																																																																											
																																																																																																																																											
																																																																																																																																											
																																																																																																																																											
																																																																																																																																											
																																																																																																																																											
