Выборы Президента Российской Федерации																																																																																	
Дата голосования: 04.03.2012																																																																																	
																																																																																	
Наименование Избирательной комиссии:    Уфа, Кировская																																																																																	
																																																																																	
Сводная таблица итогов голосования																																																																																	
																																																																																	
	Число участковых избирательных комиссий	70																																																																															
	Число участковых избирательных комиссий, приступивших к передаче сведений	70																																																																															
																																																																																	
		Сумма	УИК №91	УИК №92	УИК №93	УИК №94	УИК №95	УИК №96	УИК №97	УИК №98	УИК №99	УИК №100	УИК №101	УИК №102	УИК №103	УИК №104	УИК №105	УИК №106	УИК №107	УИК №108	УИК №109	УИК №110	УИК №111	УИК №112	УИК №113	УИК №114	УИК №115	УИК №116	УИК №117	УИК №118	УИК №119	УИК №120	УИК №121	УИК №122	УИК №123	УИК №124	УИК №125	УИК №126	УИК №127	УИК №128	УИК №129	УИК №130	УИК №131	УИК №132	УИК №133	УИК №134	УИК №135	УИК №136	УИК №137	УИК №138	УИК №139	УИК №140	УИК №141	УИК №142	УИК №143	УИК №144	УИК №145	УИК №146	УИК №147	УИК №148	УИК №149	УИК №150	УИК №151	УИК №152	УИК №153	УИК №154	УИК №155	УИК №156	УИК №157	УИК №158	УИК №159	УИК №160									
1	Число избирателей, включенных в список избирателей	109571	2439	2395	1547	2032	2114	2157	1524	940	1106	2359	1408	2359	2312	990	1768	1353	1809	627	2013	1157	1209	1332	1166	823	942	719	1030	2093	2703	2006	1662	2094	1930	1541	1574	1779	1955	2002	2051	2532	2506	1982	2455	1337	2788	1003	232	1787	2520	1433	1928	2015	2181	1593	1959	1541	1966	2875	2342	2821	1040	285	63	330	96	47	64	272	138	420									
2	Число избирательных бюллетеней, полученных участковой избирательной комиссией	93802	2000	2200	1400	1500	1850	1700	1500	750	1050	2050	1150	2000	1950	950	1520	1400	1500	500	1700	1000	1100	1250	1000	550	800	600	800	1700	2200	2005	1450	1800	1650	1300	1300	1500	1600	1800	1750	2200	2050	1700	1950	1250	2250	900	200	1750	2150	1150	1650	1700	1800	1400	1700	1400	1700	2050	1750	2250	1200	400	100	330	100	47	100	300	150	300									
3	Число избирательных бюллетеней, выданных избирателям, проголосовавшим досрочно	0	0	0	0	0	0	0	0	0	0	0	0	0	0	0	0	0	0	0	0	0	0	0	0	0	0	0	0	0	0	0	0	0	0	0	0	0	0	0	0	0	0	0	0	0	0	0	0	0	0	0	0	0	0	0	0	0	0	0	0	0	0	0	0	0	0	0	0	0	0	0									
4	Число избирательных бюллетеней, выданных в помещении для голосования в день голосования	69146	1925	1758	1312	1331	1525	1172	1088	518	663	1558	827	1454	1390	482	1363	1242	1153	434	1348	641	599	974	617	482	636	451	568	1330	1524	1240	1148	1470	1106	1019	997	1285	1101	1386	1359	1628	1508	1229	1447	547	1761	336	116	1313	1494	811	1230	1243	1323	957	1390	1100	1244	1525	1356	1487	551	54	63	104	96	47	64	256	138	252									
5	Число избирательных бюллетеней, выданных вне помещения для голосования в день голосования	4429	65	12	11	26	33	35	44	50	45	56	28	35	66	174	61	15	38	20	12	150	176	33	53	8	24	4	1	31	259	130	17	15	142	55	114	50	49	175	25	34	40	11	31	136	14	373	13	16	21	10	23	123	36	46	19	36	46	40	38	24	489	231	0	226	0	0	0	16	0	0									
6	Число погашенных избирательных бюллетеней	20227	10	430	77	143	292	493	368	182	342	436	295	511	494	294	96	143	309	46	340	209	325	243	330	60	140	145	231	339	417	635	285	315	402	226	189	165	450	239	366	538	502	460	472	567	475	191	71	421	635	329	397	334	441	397	291	264	410	485	356	739	160	115	37	0	4	0	36	28	12	48									
7	Число избирательных бюллетеней в переносных ящиках для голосования	4429	65	12	11	26	33	35	44	50	45	56	28	35	66	174	61	15	38	20	12	150	176	33	53	8	24	4	1	31	259	130	17	15	142	55	114	50	49	175	25	34	40	11	31	136	14	373	13	16	21	10	23	123	36	46	19	36	46	40	38	24	489	231	0	226	0	0	0	16	0	0									
8	Число бюллетеней в стационарных ящиках для голосования	68917	1925	1758	1312	1323	1525	1172	1088	517	663	1558	827	1419	1385	482	1363	1241	1151	434	1336	641	599	974	617	482	636	451	568	1330	1523	1240	1131	1468	1106	1018	935	1285	1101	1386	1359	1628	1508	1229	1441	547	1761	336	116	1312	1494	806	1229	1243	1323	928	1390	1100	1244	1485	1356	1487	551	54	63	104	96	47	64	256	138	252									
9	Число недействительных избирательных бюллетеней	927	43	20	17	20	34	22	30	9	0	19	11	0	21	7	13	0	12	6	31	2	6	6	5	8	5	7	0	19	31	19	10	11	22	24	6	0	15	23	14	6	21	30	18	13	20	4	0	17	20	18	7	15	20	13	8	5	5	24	25	23	0	20	0	38	0	6	0	1	1	1									
10	Число действительных избирательных бюллетеней	72419	1947	1750	1306	1329	1524	1185	1102	558	708	1595	844	1454	1430	649	1411	1256	1177	448	1317	789	769	1001	665	482	655	448	569	1342	1751	1351	1138	1472	1226	1049	1043	1335	1135	1538	1370	1656	1527	1210	1454	670	1755	705	129	1311	1495	798	1245	1351	1339	961	1401	1131	1285	1501	1369	1488	1040	265	63	292	96	41	64	271	137	251									
11	Число полученных открепительных  удостоверений	2678	55	44	35	25	40	37	41	20	33	55	34	60	61	30	35	45	45	30	55	35	40	41	30	20	25	20	10	45	56	55	39	53	50	50	40	63	45	53	60	53	61	56	62	40	66	30	5	35	80	32	38	50	68	40	60	35	42	70	55	75	0	0	0	0	0	0	0	0	0	15									
12	Число открепительных удостоверений, выданных избирателям на избирательном участке	2611	55	44	34	22	40	36	41	20	33	55	34	56	61	30	30	45	45	30	55	35	40	41	30	20	25	14	10	45	56	55	39	53	49	45	33	63	45	53	60	53	61	56	62	32	66	30	3	35	74	32	38	43	68	40	60	35	42	62	55	75	0	0	0	0	0	0	0	0	0	12									
13	Число избирателей, проголосовавших по открепительным удостоверениям	2655	35	28	40	25	46	36	22	35	22	52	10	24	21	12	89	34	16	20	22	28	16	29	14	143	22	8	44	23	88	49	57	24	7	22	27	15	9	46	34	24	27	12	47	9	39	8	5	19	28	16	22	33	25	13	17	19	7	15	101	54	223	75	63	54	20	22	47	177	122	18									
14	Число неиспользованных открепительных удостоверений	67	0	0	1	3	0	1	0	0	0	0	0	4	0	0	5	0	0	0	0	0	0	0	0	0	0	6	0	0	0	0	0	0	1	5	7	0	0	0	0	0	0	0	0	8	0	0	2	0	6	0	0	7	0	0	0	0	0	8	0	0	0	0	0	0	0	0	0	0	0	3									
15	Число открепительных удостоверений, выданных избирателям ТИК	222	3	2	6	2	4	2	1	1	2	4	1	4	4	1	1	5	6	0	5	4	4	6	3	1	2	3	0	3	3	8	2	3	4	4	3	4	2	3	4	7	9	4	4	6	7	0	0	2	10	1	1	5	9	4	2	4	6	8	6	7	0	0	0	0	0	0	0	0	0	0									
16	Число утраченных открепительных удостоверений	0	0	0	0	0	0	0	0	0	0	0	0	0	0	0	0	0	0	0	0	0	0	0	0	0	0	0	0	0	0	0	0	0	0	0	0	0	0	0	0	0	0	0	0	0	0	0	0	0	0	0	0	0	0	0	0	0	0	0	0	0	0	0	0	0	0	0	0	0	0	0									
17	Число утраченных избирательных бюллетеней	0	0	0	0	0	0	0	0	0	0	0	0	0	0	0	0	0	0	0	0	0	0	0	0	0	0	0	0	0	0	0	0	0	0	0	0	0	0	0	0	0	0	0	0	0	0	0	0	0	0	0	0	0	0	0	0	0	0	0	0	0	0	0	0	0	0	0	0	0	0	0									
18	Число избирательных бюллетеней, не учтенных при получении	0	0	0	0	0	0	0	0	0	0	0	0	0	0	0	0	0	0	0	0	0	0	0	0	0	0	0	0	0	0	0	0	0	0	0	0	0	0	0	0	0	0	0	0	0	0	0	0	0	0	0	0	0	0	0	0	0	0	0	0	0	0	0	0	0	0	0	0	0	0	0									
																																																																																	
19	Жириновский Владимир Вольфович	3613	92	66	39	37	85	51	49	29	48	71	39	59	51	61	57	66	69	21	49	56	38	63	56	25	33	20	52	28	102	95	55	80	60	73	13	179	58	96	77	53	65	77	69	53	103	38	39	57	84	9	47	67	82	57	62	59	45	72	89	39	20	6	0	1	2	1	0	11	2	6									
		4.93%	4.62%	3.73%	2.95%	2.74%	5.46%	4.23%	4.33%	5.11%	6.78%	4.40%	4.56%	4.06%	3.51%	9.30%	4.00%	5.25%	5.80%	4.63%	3.64%	7.08%	4.90%	6.26%	8.36%	5.10%	5.00%	4.40%	9.14%	2.06%	5.72%	6.93%	4.79%	5.39%	4.81%	6.80%	1.24%	13.41%	5.04%	6.15%	5.56%	3.19%	4.20%	6.21%	4.69%	7.76%	5.80%	5.36%	30.23%	4.29%	5.54%	1.10%	3.75%	4.90%	6.03%	5.85%	4.40%	5.19%	3.49%	4.72%	6.38%	2.58%	1.92%	2.11%	0.00%	0.30%	2.08%	2.13%	0.00%	4.04%	1.45%	2.38%									
20	Зюганов Геннадий Андреевич	13397	386	327	199	282	265	239	277	117	142	313	166	404	232	99	182	292	272	82	275	156	149	194	166	32	96	105	162	162	307	247	239	212	173	273	130	201	276	314	353	210	341	285	263	154	285	98	5	272	313	180	238	235	300	230	247	241	137	293	245	83	84	28	13	9	0	1	1	53	12	43									
		18.27%	19.40%	18.47%	15.04%	20.90%	17.01%	19.80%	24.47%	20.63%	20.06%	19.39%	19.42%	27.79%	15.99%	15.09%	12.78%	23.25%	22.88%	18.06%	20.40%	19.72%	19.23%	19.27%	24.78%	6.53%	14.55%	23.08%	28.47%	11.90%	17.23%	18.03%	20.82%	14.30%	13.86%	25.44%	12.39%	15.06%	24.00%	20.12%	25.51%	12.64%	22.03%	22.98%	17.87%	22.55%	16.06%	13.82%	3.88%	20.48%	20.66%	22.06%	19.01%	17.20%	22.08%	23.61%	17.53%	21.21%	10.62%	19.21%	17.58%	5.49%	8.08%	9.82%	20.63%	2.73%	0.00%	2.13%	1.56%	19.49%	8.70%	17.06%									
21	Миронов Сергей Михайлович	3037	94	72	62	83	90	56	55	22	30	55	36	43	56	13	35	77	67	17	67	30	32	48	26	34	18	16	20	88	90	20	87	77	72	52	7	28	49	44	69	97	72	75	65	28	69	16	2	68	53	8	16	54	70	61	49	62	41	49	61	27	28	4	4	4	0	0	1	4	3	9									
		4.14%	4.72%	4.07%	4.69%	6.15%	5.78%	4.64%	4.86%	3.88%	4.24%	3.41%	4.21%	2.96%	3.86%	1.98%	2.46%	6.13%	5.63%	3.74%	4.97%	3.79%	4.13%	4.77%	3.88%	6.94%	2.73%	3.52%	3.51%	6.47%	5.05%	1.46%	7.58%	5.19%	5.77%	4.85%	0.67%	2.10%	4.26%	2.82%	4.99%	5.84%	4.65%	6.05%	4.42%	4.10%	3.89%	2.26%	1.55%	5.12%	3.50%	0.98%	1.28%	3.95%	5.15%	6.26%	3.48%	5.46%	3.18%	3.21%	4.38%	1.79%	2.69%	1.40%	6.35%	1.21%	0.00%	0.00%	1.56%	1.47%	2.17%	3.57%									
22	Прохоров Михаил Дмитриевич	7810	217	171	124	200	69	206	159	97	29	330	98	127	172	74	93	205	179	48	187	94	96	106	54	55	42	55	36	132	207	145	180	92	124	120	33	91	117	82	140	194	111	148	237	86	207	41	3	104	238	82	131	108	152	115	137	88	69	173	166	305	27	16	3	13	0	0	2	12	7	49									
		10.65%	10.90%	9.66%	9.37%	14.83%	4.43%	17.07%	14.05%	17.11%	4.10%	20.45%	11.46%	8.73%	11.85%	11.28%	6.53%	16.32%	15.05%	10.57%	13.87%	11.88%	12.39%	10.53%	8.06%	11.22%	6.36%	12.09%	6.33%	9.70%	11.62%	10.58%	15.68%	6.20%	9.94%	11.18%	3.15%	6.82%	10.17%	5.25%	10.12%	11.67%	7.17%	11.94%	16.10%	12.59%	11.66%	5.78%	2.33%	7.83%	15.71%	10.05%	10.46%	7.91%	11.18%	11.81%	9.72%	7.75%	5.35%	11.34%	11.91%	20.19%	2.60%	5.61%	4.76%	3.94%	0.00%	0.00%	3.13%	4.41%	5.07%	19.44%									
23	Путин Владимир Владимирович	44562	1158	1114	882	727	1015	633	562	293	459	826	505	821	919	402	1044	616	590	280	739	453	454	590	363	336	466	252	299	932	1045	844	577	1011	797	531	860	836	635	1002	731	1102	938	625	820	349	1091	512	80	810	807	519	813	887	735	498	906	681	993	914	808	1034	881	211	43	265	94	39	60	191	113	144									
		60.76%	58.19%	62.94%	66.67%	53.89%	65.15%	52.44%	49.65%	51.68%	64.83%	51.18%	59.06%	56.46%	63.34%	61.28%	73.31%	49.04%	49.62%	61.67%	54.82%	57.27%	58.58%	58.59%	54.18%	68.57%	70.61%	55.38%	52.55%	68.48%	58.64%	61.61%	50.26%	68.17%	63.86%	49.49%	81.98%	62.62%	55.22%	64.19%	52.82%	66.31%	60.59%	50.40%	55.71%	51.10%	61.46%	72.21%	62.02%	60.99%	53.27%	63.60%	64.94%	64.93%	54.08%	51.13%	64.30%	59.95%	76.98%	59.93%	57.96%	68.43%	84.71%	74.04%	68.25%	80.30%	97.92%	82.98%	93.75%	70.22%	81.88%	57.14%									
																																																																																	
																																																																																	
																																																																																	
																																																																																	
																																																																																	
																																																																																	
																																																																																	
																																																																																	
																																																																																	
																																																																																	
																																																																																	
																																																																																	
																																																																																	
																																																																																	
																																																																																	
																																																																																	
																																																																																	
																																																																																	
																																																																																	
																																																																																	
																																																																																	
																																																																																	
																																																																																	
																																																																																	
																																																																																	
																																																																																	
																																																																																	
