Выборы Президента Российской Федерации																																																			
Дата голосования: 02.03.2008																																																			
																																																			
Наименование Избирательной комиссии:    Трубчевская																																																			
																																																			
Сводная таблица результатов выборов																																																			
																																																			
	Число участковых избирательных комиссий	44																																																	
	"Число участковых избирательных комиссий, приступивших к передаче сведений"	44																																																	
																																																			
		Сумма	УИК №1007	УИК №1008	УИК №1009	УИК №1010	УИК №1011	УИК №1012	УИК №1013	УИК №1014	УИК №1015	УИК №1016	УИК №1017	УИК №1018	УИК №1019	УИК №1020	УИК №1021	УИК №1022	УИК №1023	УИК №1024	УИК №1025	УИК №1026	УИК №1027	УИК №1028	УИК №1029	УИК №1030	УИК №1031	УИК №1032	УИК №1033	УИК №1034	УИК №1035	УИК №1036	УИК №1037	УИК №1038	УИК №1039	УИК №1040	УИК №1041	УИК №1042	УИК №1043	УИК №1044	УИК №1045	УИК №1046	УИК №1047	УИК №1048	УИК №1049	УИК №1050					
1	"Число избирателей, включенных в списки избирателей"	27487	1248	1273	2289	2254	2096	1310	369	1291	1147	1293	1272	362	260	102	241	453	49	118	176	442	996	522	476	253	622	130	343	231	330	338	82	858	501	744	823	48	108	324	194	396	306	319	192	306					
2	"Число избирательных бюллетеней, полученных участковыми избирательными комиссиями"	26200	1250	1200	2000	2100	1900	1250	350	1200	1100	1100	1200	400	250	100	250	450	50	120	180	450	950	500	450	250	650	130	350	250	300	350	80	850	500	750	800	50	100	300	190	400	300	300	200	300					
3	"Число избирательных бюллетеней, выданных избирателям, проголосовавшим досрочно"	0	0	0	0	0	0	0	0	0	0	0	0	0	0	0	0	0	0	0	0	0	0	0	0	0	0	0	0	0	0	0	0	0	0	0	0	0	0	0	0	0	0	0	0	0					
4	"Число избирательных бюллетеней, выданных в помещениях для голосования в день голосования"	15760	696	726	1144	1189	963	623	234	769	761	513	721	299	170	55	138	271	41	89	146	276	528	345	268	192	417	101	246	225	266	223	54	469	334	414	588	46	29	190	78	238	180	210	132	163					
5	"Число избирательных бюллетеней, выданных вне помещений для голосования в день голосования"	3445	58	93	224	193	69	138	39	118	143	327	169	43	35	32	65	80	0	19	24	129	188	52	82	10	151	8	19	5	15	38	16	126	67	87	115	0	49	61	102	33	70	50	36	67					
6	Число погашенных избирательных бюллетеней	6995	496	381	632	718	868	489	77	313	196	260	310	58	45	13	47	99	9	12	10	45	234	103	100	48	82	21	85	20	19	89	10	255	99	249	97	4	22	49	10	129	50	40	32	70					
7	Число избирательных бюллетеней в переносных ящиках для голосования	3445	58	93	224	193	69	138	39	118	143	327	169	43	35	32	65	80	0	19	24	129	188	52	82	10	151	8	19	5	15	38	16	126	67	87	115	0	49	61	102	33	70	50	36	67					
8	Число бюллетеней в стационарных ящиках для голосования	15758	696	726	1144	1189	961	623	234	769	761	513	721	299	170	55	138	271	41	89	146	276	528	345	268	192	417	101	246	225	266	223	54	469	334	414	588	46	29	190	78	238	180	210	132	163					
9	Число недействительных избирательных бюллетеней	141	6	3	11	16	14	6	1	10	4	3	10	6	0	0	2	0	0	0	0	0	11	3	0	0	5	0	0	0	2	2	0	9	3	2	3	0	0	3	0	0	2	1	1	2					
10	Число действительных избирательных бюллетеней	19062	748	816	1357	1366	1016	755	272	877	900	837	880	336	205	87	201	351	41	108	170	405	705	394	350	202	563	109	265	230	279	259	70	586	398	499	700	46	78	248	180	271	248	259	167	228					
11	Число полученных открепительных  удостоверений	1043	100	28	46	120	65	90	2	70	90	20	80	20	8	0	32	7	0	0	0	37	10	20	6	1	10	1	5	12	4	7	2	18	27	15	20	2	5	1	2	15	5	22	8	10					
12	"Число открепительных удостоверений, выданных избирателям на избирательных участках"	1034	100	28	46	120	65	82	2	70	90	20	80	20	8	0	32	7	0	0	0	37	10	20	6	1	10	1	5	12	4	7	2	18	27	15	20	2	4	1	2	15	5	22	8	10					
13	"Число избирателей, проголосовавших по открепительным удостоверениям"	252	20	7	10	21	12	17	1	1	5	3	8	4	3	8	6	11	4	3	6	5	6	5	4	1	3	4	4	3	1	1	4	6	3	3	10	5	8	3	7	2	4	5	4	1					
14	Число неиспользованных открепительных удостоверений	9	0	0	0	0	0	8	0	0	0	0	0	0	0	0	0	0	0	0	0	0	0	0	0	0	0	0	0	0	0	0	0	0	0	0	0	0	1	0	0	0	0	0	0	0					
15	"Число открепительных удостоверений, выданных избирателям ТИК"	47	3	5	9	6	8	3	0	0	1	0	0	0	0	1	0	0	0	0	0	0	0	2	1	1	1	0	0	0	0	2	0	0	1	0	0	0	0	0	0	3	0	0	0	0					
16	Число утраченных избирательных бюллетеней	0	0	0	0	0	0	0	0	0	0	0	0	0	0	0	0	0	0	0	0	0	0	0	0	0	0	0	0	0	0	0	0	0	0	0	0	0	0	0	0	0	0	0	0	0					
17	"Число избирательных бюллетеней, не учтенных при получении"	0	0	0	0	0	0	0	0	0	0	0	0	0	0	0	0	0	0	0	0	0	0	0	0	0	0	0	0	0	0	0	0	0	0	0	0	0	0	0	0	0	0	0	0	0					
17а	Число утраченных открепительных удостоверений	0	0	0	0	0	0	0	0	0	0	0	0	0	0	0	0	0	0	0	0	0	0	0	0	0	0	0	0	0	0	0	0	0	0	0	0	0	0	0	0	0	0	0	0	0					
17б	"Число открепительных удостоверений, не учтенных при получении"	0	0	0	0	0	0	0	0	0	0	0	0	0	0	0	0	0	0	0	0	0	0	0	0	0	0	0	0	0	0	0	0	0	0	0	0	0	0	0	0	0	0	0	0	0					
"Число голосов избирателей, поданных за каждый список"																																																			
18	Богданов Андрей Владимирович	138	13	8	14	9	4	2	7	9	7	9	8	0	0	0	2	0	0	0	1	2	4	4	2	4	3	0	0	0	3	3	0	0	0	3	1	0	0	4	1	3	0	5	0	3					
		0.72%	1.72%	0.98%	1.02%	0.65%	0.39%	0.26%	2.56%	1.01%	0.77%	1.07%	0.90%	0.00%	0.00%	0.00%	0.99%	0.00%	0.00%	0.00%	0.59%	0.49%	0.56%	1.01%	0.57%	1.98%	0.53%	0.00%	0.00%	0.00%	1.07%	1.15%	0.00%	0.00%	0.00%	0.60%	0.14%	0.00%	0.00%	1.59%	0.56%	1.11%	0.00%	1.92%	0.00%	1.30%					
19	Жириновский Владимир Вольфович	1481	67	59	110	112	65	66	39	90	80	75	77	34	20	12	22	25	3	4	2	21	59	31	16	19	31	7	12	14	12	19	4	30	19	20	52	0	6	23	7	17	20	19	25	36					
		7.71%	8.89%	7.20%	8.04%	8.10%	6.31%	8.67%	14.29%	10.15%	8.85%	8.93%	8.65%	9.94%	9.76%	13.79%	10.84%	7.12%	7.32%	3.70%	1.18%	5.19%	8.24%	7.81%	4.57%	9.41%	5.46%	6.42%	4.53%	6.09%	4.27%	7.28%	5.71%	5.04%	4.74%	3.99%	7.40%	0.00%	7.69%	9.16%	3.89%	6.27%	8.00%	7.31%	14.88%	15.65%					
20	Зюганов Геннадий Андреевич	6075	288	301	525	483	406	317	81	301	357	220	300	47	54	16	53	74	18	15	46	86	215	85	98	38	220	22	137	62	97	96	23	174	127	128	139	9	29	80	26	71	41	71	53	46					
		31.64%	38.20%	36.75%	38.38%	34.95%	39.42%	41.66%	29.67%	33.93%	39.49%	26.19%	33.71%	13.74%	26.34%	18.39%	26.11%	21.08%	43.90%	13.89%	27.06%	21.23%	30.03%	21.41%	28.00%	18.81%	38.73%	20.18%	51.70%	26.96%	34.52%	36.78%	32.86%	29.24%	31.67%	25.55%	19.77%	19.57%	37.18%	31.87%	14.44%	26.20%	16.40%	27.31%	31.55%	20.00%					
21	Медведев Дмитрий Анатольевич	11368	380	448	708	762	541	370	145	477	456	533	495	255	131	59	124	252	20	89	121	296	427	274	234	141	309	80	116	154	167	141	43	382	252	348	508	37	43	141	146	180	187	164	89	143					
		59.20%	50.40%	54.70%	51.75%	55.14%	52.52%	48.62%	53.11%	53.78%	50.44%	63.45%	55.62%	74.56%	63.90%	67.82%	61.08%	71.79%	48.78%	82.41%	71.18%	73.09%	59.64%	69.02%	66.86%	69.80%	54.40%	73.39%	43.77%	66.96%	59.43%	54.02%	61.43%	64.20%	62.84%	69.46%	72.26%	80.43%	55.13%	56.18%	81.11%	66.42%	74.80%	63.08%	52.98%	62.17%					
																																																			
																																																			
																																																			
																																																			
																																																			
																																																			
																																																			
																																																			
																																																			
																																																			
																																																			
																																																			
																																																			
																																																			
																																																			
																																																			
																																																			
																																																			
