Выборы Президента Российской Федерации																																																																		
																																																																		
Наименование Избирательной комиссии:    Домодедовская																																																																		
																																																																		
Итоги голосования 																																																																		
																																																																		
		Сумма	УИК  329	УИК  330	УИК  331	УИК  332	УИК  333	УИК  334	УИК  335	УИК  336	УИК  337	УИК  338	УИК  339	УИК  340	УИК  341	УИК  342	УИК  343	УИК  344	УИК  345	УИК  346	УИК  347	УИК  348	УИК  349	УИК  350	УИК  351	УИК  352	УИК  353	УИК  354	УИК  355	УИК  356	УИК  357	УИК  358	УИК  359	УИК  360	УИК  361	УИК  362	УИК  363	УИК  364	УИК  365	УИК  366	УИК  367	УИК  368	УИК  369	УИК  370	УИК  371	УИК  372	УИК  373	УИК  374	УИК  375	УИК  376	УИК  377	УИК  378	УИК  379	УИК  380	УИК  381	УИК  382	УИК  383	УИК  384	УИК  385	УИК  386	УИК  387					
1	"Число избирателей, внесенных в список"	101227	2299	2380	2603	2586	1770	1462	1901	2492	2389	2862	2688	2791	1763	2403	2463	2553	2303	2710	2779	1240	940	892	1266	1460	1037	614	2365	2637	2365	2297	1800	1261	1267	1535	292	182	2160	146	2572	1217	1519	435	1353	2763	321	908	1880	2844	756	1659	1965	906	1262	1210	1557	573	2579	1592	403					
2	Число полученных избирательных бюллетеней	93120	2100	2200	2400	2300	1600	1300	1700	2300	2200	2600	2500	2600	1600	2200	2200	2400	2100	2500	2500	1200	900	800	1100	1300	1000	500	2300	2600	2300	2300	1800	1100	1100	1400	250	150	1900	120	2300	1100	1400	400	1200	2600	300	900	1700	2600	700	1500	1800	900	1200	1100	1300	500	2400	1400	400					
3	"Число избирательных бюллетеней, выданных  досрочно"	0	0	0	0	0	0	0	0	0	0	0	0	0	0	0	0	0	0	0	0	0	0	0	0	0	0	0	0	0	0	0	0	0	0	0	0	0	0	0	0	0	0	0	0	0	0	0	0	0	0	0	0	0	0	0	0	0	0	0	0					
4	"Число избирательных бюллетеней, выданных в день голосования"	53141	1077	1038	1333	1309	864	663	1118	1062	1236	1397	1344	1426	883	1274	1187	1339	1291	1452	1498	646	506	613	760	790	538	306	1259	1471	1287	1190	990	532	537	836	97	84	1166	59	1286	629	838	160	750	1330	65	484	1118	1542	325	806	993	663	715	602	885	340	2007	972	173					
5	"Число избирательных бюллетеней, выданных вне помещения"	3763	33	47	37	61	41	29	43	105	47	73	32	24	13	29	196	100	58	48	14	130	34	7	36	38	41	68	30	18	36	30	37	99	125	67	114	38	146	51	155	65	80	115	17	232	141	75	52	44	105	65	39	34	59	75	14	13	0	0	208					
6	Число погашенных избирательных бюллетеней	36214	990	1115	1030	930	693	608	539	1133	917	1130	1124	1150	704	897	817	961	751	1000	988	424	360	180	304	472	421	126	1011	1111	977	1080	773	469	438	497	39	28	588	10	859	406	482	125	433	1038	94	341	530	1014	270	629	768	203	426	423	401	147	393	428	19					
7	Число избирательных бюллетеней в переносных ящиках	3762	33	47	37	61	41	29	43	105	47	73	32	24	13	29	196	100	57	48	14	130	34	7	36	38	41	68	30	18	36	30	37	99	125	67	114	38	146	51	155	65	80	115	17	232	141	75	52	44	105	65	39	34	59	75	14	13	0	0	208					
8	Число бюллетеней в стационарных ящиках для голосования	53115	1077	1038	1333	1308	864	661	1118	1058	1236	1395	1341	1426	881	1271	1187	1339	1291	1452	1498	646	506	613	760	790	538	306	1259	1471	1286	1190	989	532	537	836	97	84	1166	59	1285	629	838	160	750	1330	65	484	1117	1542	325	806	993	663	715	602	880	340	2007	972	173					
9	Число недействительных избирательных бюллетеней	554	7	15	13	18	12	15	3	12	9	5	11	12	6	9	10	15	16	11	12	4	7	7	11	13	7	6	10	11	4	15	10	3	5	14	1	0	10	0	21	6	13	1	4	8	0	20	28	18	4	6	15	22	13	4	9	0	7	2	4					
10	Число действительных избирательных бюллетеней	56323	1103	1070	1357	1351	893	675	1158	1151	1274	1463	1362	1438	888	1291	1373	1424	1332	1489	1500	772	533	613	785	815	572	368	1279	1478	1318	1205	1016	628	657	889	210	122	1302	110	1419	688	905	274	763	1554	206	539	1141	1568	426	865	1017	675	761	673	885	353	2000	970	377					
11	Число полученных открепительных  удостоверений	2800	70	70	50	50	40	40	50	50	50	70	70	70	40	70	50	50	50	70	70	40	40	40	50	40	40	40	70	70	70	70	50	40	40	50	30	30	50	30	40	40	40	30	40	50	30	30	40	50	30	50	50	30	30	40	40	40	90	40	0					
12	Число выданных открепительных удостоверений	945	20	14	17	16	10	15	27	12	21	16	22	23	15	16	26	29	17	22	28	10	7	11	23	16	3	4	17	22	28	14	19	5	9	30	3	4	22	1	16	4	8	2	28	28	1	9	34	19	5	4	9	11	13	5	14	11	73	37	0					
13	"Число избирателей, проголосовавших по открепительным удостоверениям"	1143	7	11	5	16	3	7	18	3	22	21	6	22	15	16	23	30	21	12	10	34	5	7	5	18	13	26	57	39	35	5	10	35	18	18	12	17	140	7	15	12	8	8	9	33	4	12	30	42	19	9	14	27	17	18	23	2	8	7	57					
14	Число неиспользованных открепительных удостоверений	1855	50	56	33	34	30	25	23	38	29	54	48	47	25	54	24	21	33	48	42	30	33	29	27	24	37	36	53	48	42	56	31	35	31	20	27	26	28	29	24	36	32	28	12	22	29	21	6	31	25	46	41	19	17	35	26	29	17	3	0					
15	"Число открепительных удостоверений, выданных в ТИК"	10	0	0	2	0	0	0	0	0	1	1	0	0	0	0	1	0	0	1	0	0	0	0	0	0	0	0	0	0	0	0	2	0	0	0	0	0	0	0	0	0	0	0	0	0	0	0	0	1	0	0	0	0	0	0	0	1	0	0	0					
16	Число утраченных избирательных бюллетеней	2	0	0	0	0	2	0	0	0	0	0	0	0	0	0	0	0	0	0	0	0	0	0	0	0	0	0	0	0	0	0	0	0	0	0	0	0	0	0	0	0	0	0	0	0	0	0	0	0	0	0	0	0	0	0	0	0	0	0	0					
17	Число не учтенных при получении избирательных бюллетеней	0	0	0	0	0	0	0	0	0	0	0	0	0	0	0	0	0	0	0	0	0	0	0	0	0	0	0	0	0	0	0	0	0	0	0	0	0	0	0	0	0	0	0	0	0	0	0	0	0	0	0	0	0	0	0	0	0	0	0	0					
"Число голосов избирателей, поданных за каждый список"																																																																		
18	. Глазьев Сергей Юрьевич	3248	59	37	84	74	75	58	62	46	75	90	89	92	57	72	100	98	107	107	92	44	35	46	54	68	20	20	92	99	90	76	71	31	42	35	1	4	73	1	61	25	28	15	39	99	1	26	48	91	27	44	64	29	71	52	54	12	33	35	18					
		5.71%	5.32%	3.41%	6.13%	5.41%	8.29%	8.41%	5.34%	3.96%	5.85%	6.13%	6.48%	6.34%	6.38%	5.54%	7.23%	6.81%	7.94%	7.13%	6.08%	5.67%	6.48%	7.42%	6.78%	8.21%	3.45%	5.35%	7.14%	6.65%	6.81%	6.23%	6.92%	4.91%	6.34%	3.88%	0.47%	3.28%	5.56%	0.91%	4.24%	3.60%	3.05%	5.45%	5.08%	6.34%	0.49%	4.65%	4.11%	5.74%	6.28%	5.05%	6.20%	4.16%	9.17%	7.68%	6.04%	3.40%	1.64%	3.60%	4.72%					
19	. Малышкин Олег Александрович	1039	26	25	26	29	23	7	20	22	32	19	30	30	11	15	30	26	20	23	27	19	8	11	20	13	13	3	16	24	11	21	5	8	12	13	4	6	30	1	33	9	20	5	16	31	1	17	7	29	17	22	25	12	9	7	16	10	37	23	14					
		1.83%	2.34%	2.30%	1.90%	2.12%	2.54%	1.01%	1.72%	1.89%	2.49%	1.29%	2.18%	2.07%	1.23%	1.15%	2.17%	1.81%	1.48%	1.53%	1.79%	2.45%	1.48%	1.77%	2.51%	1.57%	2.25%	0.80%	1.24%	1.61%	0.83%	1.72%	0.49%	1.27%	1.81%	1.44%	1.90%	4.92%	2.29%	0.91%	2.29%	1.30%	2.18%	1.82%	2.09%	1.98%	0.49%	3.04%	0.60%	1.83%	3.95%	2.53%	2.42%	1.72%	1.16%	1.03%	1.79%	2.83%	1.84%	2.37%	3.67%					
20	. Миронов Сергей Михайлович	301	6	6	3	7	7	4	9	6	3	12	11	7	3	6	5	1	7	11	8	4	2	4	2	9	4	2	5	8	11	9	6	5	4	8	0	1	5	0	12	0	4	2	3	6	0	8	2	9	3	6	5	4	7	0	4	1	5	5	4					
		0.53%	0.54%	0.55%	0.22%	0.51%	0.77%	0.58%	0.78%	0.52%	0.23%	0.82%	0.80%	0.48%	0.34%	0.46%	0.36%	0.07%	0.52%	0.73%	0.53%	0.52%	0.37%	0.65%	0.25%	1.09%	0.69%	0.53%	0.39%	0.54%	0.83%	0.74%	0.58%	0.79%	0.60%	0.89%	0.00%	0.82%	0.38%	0.00%	0.83%	0.00%	0.44%	0.73%	0.39%	0.38%	0.00%	1.43%	0.17%	0.57%	0.70%	0.69%	0.48%	0.57%	0.90%	0.00%	0.45%	0.28%	0.25%	0.51%	1.05%					
21	. Путин Владимир Владимирович	40856	811	800	950	965	591	453	815	880	897	1017	965	1002	632	929	992	995	927	1017	1081	583	347	434	553	544	450	281	891	990	926	823	702	453	490	705	176	91	959	91	1009	484	643	211	566	1158	177	374	907	1176	316	642	727	540	536	498	621	268	1743	777	275					
		71.83%	73.06%	73.73%	69.34%	70.49%	65.30%	65.65%	70.20%	75.67%	69.91%	69.28%	70.28%	69.10%	70.69%	71.46%	71.73%	69.15%	68.77%	67.80%	71.49%	75.13%	64.26%	70.00%	69.47%	65.70%	77.72%	75.13%	69.12%	66.49%	70.05%	67.46%	68.42%	71.79%	74.02%	78.07%	83.41%	74.59%	73.09%	82.73%	70.07%	69.74%	70.04%	76.73%	73.79%	74.14%	85.92%	66.91%	77.59%	74.15%	73.49%	73.71%	70.45%	77.47%	69.25%	73.56%	69.46%	75.92%	86.85%	79.94%	72.18%					
22	. Хакамада Ирина Муцуовна	2084	36	37	44	73	38	32	49	38	71	57	60	61	80	40	58	67	50	64	88	13	18	42	45	47	14	16	59	57	50	51	38	28	16	13	4	4	45	2	37	26	18	5	28	36	2	18	27	67	10	15	16	25	18	24	25	4	27	38	13					
		3.66%	3.24%	3.41%	3.21%	5.33%	4.20%	4.64%	4.22%	3.27%	5.53%	3.88%	4.37%	4.21%	8.95%	3.08%	4.19%	4.66%	3.71%	4.27%	5.82%	1.68%	3.33%	6.77%	5.65%	5.68%	2.42%	4.28%	4.58%	3.83%	3.78%	4.18%	3.70%	4.44%	2.42%	1.44%	1.90%	3.28%	3.43%	1.82%	2.57%	3.75%	1.96%	1.82%	3.65%	2.30%	0.97%	3.22%	2.31%	4.22%	2.33%	1.72%	1.55%	3.59%	2.33%	3.55%	2.80%	1.13%	1.35%	3.91%	3.41%					
23	. Харитонов Николай Михайлович	5727	105	112	180	136	104	88	130	102	120	182	128	143	47	171	132	149	147	178	121	77	89	34	56	71	45	35	134	177	158	156	145	74	63	91	18	6	121	8	204	106	150	29	62	139	17	73	79	117	32	107	130	29	89	62	89	40	61	44	35					
		10.07%	9.46%	10.32%	13.14%	9.93%	11.49%	12.75%	11.20%	8.77%	9.35%	12.40%	9.32%	9.86%	5.26%	13.15%	9.54%	10.35%	10.91%	11.87%	8.00%	9.92%	16.48%	5.48%	7.04%	8.57%	7.77%	9.36%	10.40%	11.89%	11.95%	12.79%	14.13%	11.73%	9.52%	10.08%	8.53%	4.92%	9.22%	7.27%	14.17%	15.27%	16.34%	10.55%	8.08%	8.90%	8.25%	13.06%	6.76%	7.38%	7.44%	12.28%	12.60%	4.16%	11.50%	9.16%	9.96%	11.33%	3.04%	4.53%	9.19%					
																																																																		
24	Против всех	3068	60	53	70	67	55	33	73	57	76	86	79	103	58	58	56	88	74	89	83	32	34	42	55	63	26	11	82	123	72	69	49	29	30	24	7	10	69	7	63	38	42	7	49	85	8	23	71	79	21	29	50	36	31	30	76	18	94	48	18					
		5.39%	5.41%	4.88%	5.11%	4.89%	6.08%	4.78%	6.29%	4.90%	5.92%	5.86%	5.75%	7.10%	6.49%	4.46%	4.05%	6.12%	5.49%	5.93%	5.49%	4.12%	6.30%	6.77%	6.91%	7.61%	4.49%	2.94%	6.36%	8.26%	5.45%	5.66%	4.78%	4.60%	4.53%	2.66%	3.32%	8.20%	5.26%	6.36%	4.38%	5.48%	4.58%	2.55%	6.39%	5.44%	3.88%	4.11%	6.07%	4.98%	4.88%	3.33%	4.84%	5.16%	4.01%	4.43%	8.50%	5.10%	4.68%	4.94%	4.72%					
																																																																		
																																																																		
																																																																		
																																																																		
																																																																		
																																																																		
																																																																		
																																																																		
																																																																		
																																																																		
																																																																		
																																																																		
																																																																		
																																																																		
																																																																		
