Выборы Президента Российской Федерации																																																																																																																	
Дата голосования: 04.03.2012																																																																																																																	
																																																																																																																	
Наименование Избирательной комиссии:    Нальчикская городская																																																																																																																	
																																																																																																																	
Сводная таблица итогов голосования																																																																																																																	
																																																																																																																	
	Число участковых избирательных комиссий	102																																																																																																															
	Число участковых избирательных комиссий, приступивших к передаче сведений	102																																																																																																															
																																																																																																																	
		Сумма	УИК №98	УИК №99	УИК №100	УИК №101	УИК №102	УИК №103	УИК №104	УИК №105	УИК №106	УИК №107	УИК №108	УИК №109	УИК №110	УИК №111	УИК №112	УИК №113	УИК №114	УИК №115	УИК №116	УИК №117	УИК №118	УИК №119	УИК №120	УИК №121	УИК №122	УИК №123	УИК №124	УИК №125	УИК №126	УИК №127	УИК №128	УИК №129	УИК №130	УИК №131	УИК №132	УИК №133	УИК №134	УИК №135	УИК №136	УИК №137	УИК №138	УИК №139	УИК №140	УИК №141	УИК №142	УИК №143	УИК №144	УИК №145	УИК №146	УИК №147	УИК №148	УИК №149	УИК №150	УИК №151	УИК №152	УИК №153	УИК №154	УИК №155	УИК №156	УИК №157	УИК №158	УИК №159	УИК №160	УИК №161	УИК №162	УИК №163	УИК №164	УИК №165	УИК №166	УИК №167	УИК №168	УИК №169	УИК №170	УИК №171	УИК №172	УИК №173	УИК №174	УИК №175	УИК №176	УИК №177	УИК №178	УИК №179	УИК №180	УИК №181	УИК №182	УИК №183	УИК №184	УИК №185	УИК №186	УИК №187	УИК №188	УИК №189	УИК №190	УИК №191	УИК №192	УИК №193	УИК №194	УИК №195	УИК №196	УИК №197	УИК №198	УИК №199									
1	Число избирателей, включенных в список избирателей	157405	2343	1450	1470	1396	1274	1100	1262	1567	1386	694	2811	1726	1442	2413	2504	2126	1476	1049	1502	1861	1370	1701	1631	1595	1162	1732	850	1495	1905	510	1937	1300	2050	1048	1100	2204	1078	1860	896	2054	1638	1300	1372	1822	1524	1735	1441	2686	1600	2727	757	1577	804	1357	1700	1348	1460	2129	881	978	752	1198	1244	1427	1312	1817	1637	1276	1515	2021	1393	2361	1694	749	1197	1204	1236	946	958	2326	2239	1536	2150	1061	1507	1785	1799	1306	1754	1267	1505	1999	1176	2316	1411	1224	1568	2105	1610	2200	1326	1132									
2	Число избирательных бюллетеней, полученных участковой избирательной комиссией	156053	2200	1450	1450	1400	1250	1100	1250	1550	1350	955	2750	1700	1400	2350	2400	2100	1450	1050	1500	1850	1350	1700	1600	1550	1100	1700	850	1500	1900	510	1850	1300	2000	1050	1100	2150	1050	1850	900	2000	1600	1250	1350	1800	1500	1700	1900	2700	1600	2600	1000	1550	804	1350	1700	1350	1450	2100	916	1418	750	1150	1200	1400	1300	1800	1600	1250	1500	2000	1350	2350	1650	750	1150	1200	1200	950	950	2200	2100	1500	2150	1050	1500	1700	1750	1300	1750	1200	1500	1950	1150	2250	1400	1200	1550	2000	1600	2200	1300	1100									
3	Число избирательных бюллетеней, выданных избирателям, проголосовавшим досрочно	0	0	0	0	0	0	0	0	0	0	0	0	0	0	0	0	0	0	0	0	0	0	0	0	0	0	0	0	0	0	0	0	0	0	0	0	0	0	0	0	0	0	0	0	0	0	0	0	0	0	0	0	0	0	0	0	0	0	0	0	0	0	0	0	0	0	0	0	0	0	0	0	0	0	0	0	0	0	0	0	0	0	0	0	0	0	0	0	0	0	0	0	0	0	0	0	0	0	0	0	0	0	0									
4	Число избирательных бюллетеней, выданных в помещении для голосования в день голосования	113563	1852	959	1094	985	877	409	881	1132	1029	693	1673	1086	1071	1737	1733	1388	1130	875	1177	1210	1047	1211	1143	952	927	1037	684	1179	1388	77	1548	1002	1644	679	202	1614	842	1400	711	1574	1219	897	1044	1302	1184	1431	1417	1845	739	1925	740	1057	240	946	1246	954	792	1453	861	943	549	669	912	988	934	1329	1192	913	1037	1689	1003	1542	1200	552	861	765	1049	715	741	1834	1601	1070	1823	784	1223	1412	1677	955	1428	916	1175	1395	644	1624	961	855	1266	1708	1076	1598	917	894									
5	Число избирательных бюллетеней, выданных вне помещения для голосования в день голосования	7148	22	218	14	34	53	550	30	13	7	1	496	192	139	15	32	40	51	25	24	67	8	30	4	106	23	245	26	17	24	433	21	40	36	97	633	41	20	43	11	26	12	8	14	25	19	22	24	175	494	31	17	10	564	11	41	31	296	42	17	35	22	175	26	17	43	16	12	21	24	29	49	22	38	29	19	115	1	16	7	27	13	32	51	13	17	34	19	96	4	72	21	7	71	37	46	23	19	22	6	12	18	12									
6	Число погашенных избирательных бюллетеней	35342	326	273	342	381	320	141	339	405	314	261	581	422	190	598	635	672	269	150	299	573	295	459	453	492	150	418	140	304	488	0	281	258	320	274	265	495	188	407	178	400	369	345	292	473	297	247	459	680	367	644	243	483	0	393	413	365	362	605	38	440	179	306	262	395	323	455	396	316	439	282	298	786	412	169	270	320	150	219	202	339	486	398	276	253	260	254	54	249	318	212	304	548	435	589	393	322	265	270	518	590	365	194									
7	Число избирательных бюллетеней в переносных ящиках для голосования	7148	22	218	14	34	53	550	30	13	7	1	496	192	139	15	32	40	51	25	24	67	8	30	4	106	23	245	26	17	24	433	21	40	36	97	633	41	20	43	11	26	12	8	14	25	19	22	24	175	494	31	17	10	564	11	41	31	296	42	17	35	22	175	26	17	43	16	12	21	24	29	49	22	38	29	19	115	1	16	7	27	13	32	51	13	17	34	19	96	4	72	21	7	71	37	46	23	19	22	6	12	18	12									
8	Число бюллетеней в стационарных ящиках для голосования	113523	1852	959	1094	985	877	409	881	1132	1029	693	1673	1086	1071	1737	1733	1388	1130	875	1177	1210	1047	1211	1143	952	927	1037	684	1179	1388	77	1548	1002	1644	679	202	1614	842	1400	695	1574	1219	897	1044	1302	1184	1431	1417	1845	739	1925	740	1057	240	946	1246	954	792	1453	839	943	549	669	912	988	934	1329	1192	913	1037	1689	1003	1542	1200	552	859	765	1049	715	741	1834	1601	1070	1823	784	1223	1412	1677	955	1428	916	1175	1395	644	1624	961	855	1266	1708	1076	1598	917	894									
9	Число недействительных избирательных бюллетеней	42	0	0	0	0	0	0	0	0	0	0	0	0	0	0	0	0	0	0	0	0	0	0	0	0	0	0	0	0	0	0	0	0	0	10	0	0	0	0	5	0	0	0	0	0	3	0	0	0	0	0	0	0	0	0	0	0	0	0	12	0	0	0	0	0	0	0	6	0	0	0	0	0	0	0	6	0	0	0	0	0	0	0	0	0	0	0	0	0	0	0	0	0	0	0	0	0	0	0	0	0	0	0									
10	Число действительных избирательных бюллетеней	120629	1874	1177	1108	1019	930	959	911	1145	1036	694	2169	1278	1210	1752	1765	1428	1181	900	1201	1277	1055	1241	1147	1058	950	1282	710	1196	1412	510	1569	1042	1680	766	835	1655	862	1443	701	1600	1231	905	1058	1327	1200	1453	1441	2020	1233	1956	757	1067	804	957	1287	985	1088	1495	844	978	571	844	938	1005	977	1345	1198	934	1061	1718	1052	1564	1238	581	872	880	1050	731	748	1861	1614	1102	1874	797	1240	1446	1696	1051	1432	988	1196	1402	715	1661	1007	878	1285	1730	1082	1610	935	906									
11	Число полученных открепительных  удостоверений	752	7	7	7	7	7	7	7	7	7	7	7	7	7	7	9	7	7	7	7	7	7	7	7	7	7	7	7	7	7	0	7	7	12	7	7	7	7	7	7	7	7	7	7	7	7	7	12	7	7	7	7	7	0	7	7	7	7	7	7	7	7	7	7	7	7	7	7	7	7	7	7	7	10	7	7	7	7	7	7	9	7	7	32	7	7	7	11	7	7	7	7	7	7	7	7	7	7	7	7	12	7	8									
12	Число открепительных удостоверений, выданных избирателям на избирательном участке	752	7	7	7	7	7	7	7	7	7	7	7	7	7	7	9	7	7	7	7	7	7	7	7	7	7	7	7	7	7	0	7	7	12	7	7	7	7	7	7	7	7	7	7	7	7	7	12	7	7	7	7	7	0	7	7	7	7	7	7	7	7	7	7	7	7	7	7	7	7	7	7	7	10	7	7	7	7	7	7	9	7	7	32	7	7	7	11	7	7	7	7	7	7	7	7	7	7	7	7	12	7	8									
13	Число избирателей, проголосовавших по открепительным удостоверениям	334	0	0	0	0	1	152	3	2	4	4	0	0	0	1	0	2	0	0	0	1	3	7	4	0	0	0	1	0	2	0	2	5	7	0	45	0	0	0	2	2	1	0	0	0	0	1	0	0	2	2	0	4	0	2	3	0	3	0	0	3	5	3	0	1	1	0	1	0	2	20	0	0	0	0	3	0	0	2	0	0	0	2	4	0	0	0	0	4	1	0	0	2	2	0	1	0	3	2	0	4	0	0									
14	Число неиспользованных открепительных удостоверений	0	0	0	0	0	0	0	0	0	0	0	0	0	0	0	0	0	0	0	0	0	0	0	0	0	0	0	0	0	0	0	0	0	0	0	0	0	0	0	0	0	0	0	0	0	0	0	0	0	0	0	0	0	0	0	0	0	0	0	0	0	0	0	0	0	0	0	0	0	0	0	0	0	0	0	0	0	0	0	0	0	0	0	0	0	0	0	0	0	0	0	0	0	0	0	0	0	0	0	0	0	0	0									
15	Число открепительных удостоверений, выданных избирателям ТИК	48	1	0	0	1	0	0	0	0	0	1	0	0	0	1	1	0	0	0	0	0	1	0	0	0	0	2	0	1	0	0	0	1	1	0	0	1	3	1	0	0	0	1	0	1	1	0	0	1	0	0	0	1	0	0	0	0	0	1	0	2	1	1	0	0	0	0	1	1	2	0	4	0	0	0	2	0	0	0	0	0	3	1	0	0	1	2	1	0	0	0	1	1	1	1	0	0	0	0	0	0	0	0									
16	Число утраченных открепительных удостоверений	0	0	0	0	0	0	0	0	0	0	0	0	0	0	0	0	0	0	0	0	0	0	0	0	0	0	0	0	0	0	0	0	0	0	0	0	0	0	0	0	0	0	0	0	0	0	0	0	0	0	0	0	0	0	0	0	0	0	0	0	0	0	0	0	0	0	0	0	0	0	0	0	0	0	0	0	0	0	0	0	0	0	0	0	0	0	0	0	0	0	0	0	0	0	0	0	0	0	0	0	0	0	0									
17	Число утраченных избирательных бюллетеней	0	0	0	0	0	0	0	0	0	0	0	0	0	0	0	0	0	0	0	0	0	0	0	0	0	0	0	0	0	0	0	0	0	0	0	0	0	0	0	0	0	0	0	0	0	0	0	0	0	0	0	0	0	0	0	0	0	0	0	0	0	0	0	0	0	0	0	0	0	0	0	0	0	0	0	0	0	0	0	0	0	0	0	0	0	0	0	0	0	0	0	0	0	0	0	0	0	0	0	0	0	0	0									
18	Число избирательных бюллетеней, не учтенных при получении	0	0	0	0	0	0	0	0	0	0	0	0	0	0	0	0	0	0	0	0	0	0	0	0	0	0	0	0	0	0	0	0	0	0	0	0	0	0	0	0	0	0	0	0	0	0	0	0	0	0	0	0	0	0	0	0	0	0	0	0	0	0	0	0	0	0	0	0	0	0	0	0	0	0	0	0	0	0	0	0	0	0	0	0	0	0	0	0	0	0	0	0	0	0	0	0	0	0	0	0	0	0	0									
																																																																																																																	
19	Жириновский Владимир Вольфович	3338	10	0	7	33	3	20	33	40	40	33	8	75	46	75	81	64	53	4	5	52	58	36	47	23	35	23	2	36	57	16	47	36	8	24	4	48	28	7	7	44	40	24	32	40	6	32	48	65	40	57	24	40	27	32	40	32	16	57	4	24	24	32	32	32	44	62	41	8	40	59	31	40	14	21	24	35	38	29	28	9	44	20	48	16	25	4	38	5	55	27	20	64	28	112	16	40	33	62	16	32	24	18									
		2.77%	0.53%	0.00%	0.63%	3.24%	0.32%	2.09%	3.62%	3.49%	3.86%	4.76%	0.37%	5.87%	3.80%	4.28%	4.59%	4.48%	4.49%	0.44%	0.42%	4.07%	5.50%	2.90%	4.10%	2.17%	3.68%	1.79%	0.28%	3.01%	4.04%	3.14%	2.99%	3.45%	0.48%	3.09%	0.48%	2.90%	3.25%	0.49%	0.99%	2.75%	3.25%	2.65%	3.02%	3.01%	0.50%	2.20%	3.33%	3.22%	3.24%	2.91%	3.17%	3.75%	3.36%	3.34%	3.11%	3.25%	1.47%	3.81%	0.47%	2.45%	4.20%	3.79%	3.41%	3.18%	4.50%	4.61%	3.41%	0.86%	3.77%	3.43%	2.95%	2.56%	1.13%	3.61%	2.73%	3.98%	3.62%	3.97%	3.74%	0.48%	2.73%	1.81%	2.56%	2.01%	2.02%	0.28%	2.24%	0.48%	3.84%	2.73%	1.67%	4.56%	3.92%	6.74%	1.59%	4.56%	2.57%	3.58%	1.48%	1.99%	2.57%	1.99%									
20	Зюганов Геннадий Андреевич	16122	337	120	184	131	123	144	119	150	156	103	227	149	180	222	237	214	160	63	84	171	158	165	173	151	132	121	110	175	214	54	208	156	117	104	125	249	129	101	46	242	163	124	147	171	84	218	201	292	171	297	106	160	113	126	191	139	163	206	66	147	85	126	127	150	127	192	167	132	153	262	126	214	218	76	117	115	155	95	101	130	227	162	284	119	186	111	229	79	195	149	193	184	107	191	136	131	165	267	162	242	131	115									
		13.36%	17.98%	10.20%	16.61%	12.86%	13.23%	15.02%	13.06%	13.10%	15.06%	14.84%	10.47%	11.66%	14.88%	12.67%	13.43%	14.99%	13.55%	7.00%	6.99%	13.39%	14.98%	13.30%	15.08%	14.27%	13.89%	9.44%	15.49%	14.63%	15.16%	10.59%	13.26%	14.97%	6.96%	13.40%	14.97%	15.05%	14.97%	6.99%	6.52%	15.13%	13.24%	13.70%	13.89%	12.89%	6.98%	15.00%	13.95%	14.46%	13.87%	15.18%	14.00%	14.99%	14.05%	13.17%	14.84%	14.11%	14.98%	13.78%	7.71%	15.03%	14.89%	14.93%	13.54%	14.93%	12.99%	14.28%	13.87%	14.13%	14.42%	15.25%	11.98%	13.68%	17.61%	13.08%	13.33%	13.07%	14.76%	12.99%	13.50%	6.99%	14.06%	14.70%	15.15%	14.93%	15.00%	7.68%	13.50%	7.52%	13.62%	15.08%	16.14%	13.12%	14.97%	11.50%	13.51%	14.92%	12.84%	15.43%	14.97%	15.03%	14.01%	12.69%									
21	Миронов Сергей Михайлович	3471	35	83	29	47	61	35	57	57	41	34	112	112	29	45	44	28	32	9	15	27	24	28	14	30	16	24	7	28	43	11	38	18	33	21	16	41	13	29	6	53	36	29	34	40	24	46	41	48	38	36	16	64	18	23	11	16	7	38	13	32	20	9	33	35	22	26	28	27	29	32	15	64	30	22	32	33	30	25	18	37	52	40	53	34	27	20	30	15	26	34	48	53	18	151	48	22	35	21	36	57	7	42									
		2.88%	1.87%	7.05%	2.62%	4.61%	6.56%	3.65%	6.26%	4.98%	3.96%	4.90%	5.16%	8.76%	2.40%	2.57%	2.49%	1.96%	2.71%	1.00%	1.25%	2.11%	2.27%	2.26%	1.22%	2.84%	1.68%	1.87%	0.99%	2.34%	3.05%	2.16%	2.42%	1.73%	1.96%	2.71%	1.92%	2.48%	1.51%	2.01%	0.85%	3.31%	2.92%	3.20%	3.21%	3.01%	1.99%	3.17%	2.85%	2.38%	3.08%	1.84%	2.11%	5.99%	2.24%	2.40%	0.85%	1.62%	0.64%	2.54%	1.52%	3.27%	3.50%	1.07%	3.52%	3.48%	2.25%	1.93%	2.33%	2.89%	2.73%	1.86%	1.43%	4.09%	2.42%	3.79%	3.64%	3.75%	2.86%	3.42%	2.41%	1.99%	3.22%	3.63%	2.83%	4.27%	2.18%	1.38%	1.77%	1.43%	1.82%	3.44%	4.01%	3.78%	2.52%	9.09%	4.77%	2.51%	2.72%	1.21%	3.33%	3.54%	0.75%	4.64%									
22	Прохоров Михаил Дмитриевич	2345	29	41	44	19	4	27	9	13	23	6	27	78	5	33	21	8	12	14	18	18	5	24	5	26	20	10	9	18	13	8	33	15	25	17	62	25	18	22	36	31	27	30	6	29	18	39	20	37	48	55	10	29	25	25	16	2	7	19	31	8	12	14	11	24	22	5	22	17	13	16	21	41	16	11	76	5	4	11	7	28	37	17	43	7	28	17	82	15	21	15	30	31	5	101	24	15	7	5	19	6	2	90									
		1.94%	1.55%	3.48%	3.97%	1.86%	0.43%	2.82%	0.99%	1.14%	2.22%	0.86%	1.24%	6.10%	0.41%	1.88%	1.19%	0.56%	1.02%	1.56%	1.50%	1.41%	0.47%	1.93%	0.44%	2.46%	2.11%	0.78%	1.27%	1.51%	0.92%	1.57%	2.10%	1.44%	1.49%	2.19%	7.43%	1.51%	2.09%	1.52%	5.10%	1.94%	2.19%	3.31%	0.57%	2.19%	1.50%	2.68%	1.39%	1.83%	3.89%	2.81%	1.32%	2.72%	3.11%	2.61%	1.24%	0.20%	0.64%	1.27%	3.62%	0.82%	2.10%	1.66%	1.17%	2.39%	2.25%	0.37%	1.83%	1.82%	1.23%	0.93%	1.99%	2.62%	1.29%	1.89%	8.66%	0.57%	0.38%	1.50%	0.94%	1.50%	2.29%	1.54%	2.29%	0.88%	2.26%	1.18%	4.83%	1.43%	1.47%	1.52%	2.51%	2.21%	0.70%	6.08%	2.38%	1.71%	0.54%	0.29%	1.76%	0.37%	0.21%	9.93%									
23	Путин Владимир Владимирович	95353	1463	933	844	789	739	733	693	885	776	518	1795	864	950	1377	1382	1114	924	810	1079	1009	810	988	908	828	747	1104	582	939	1085	421	1243	817	1497	600	628	1292	674	1284	606	1230	965	698	839	1047	1068	1118	1131	1578	936	1511	601	774	621	751	1029	796	895	1175	730	767	430	663	735	764	762	1060	940	750	826	1349	859	1205	960	451	623	692	823	571	594	1657	1254	863	1446	621	974	1294	1317	937	1135	763	905	1070	557	1106	783	670	1045	1375	849	1273	771	641									
		79.02%	78.07%	79.27%	76.17%	77.43%	79.46%	76.43%	76.07%	77.29%	74.90%	74.64%	82.76%	67.61%	78.51%	78.60%	78.30%	78.01%	78.24%	90.00%	89.84%	79.01%	76.78%	79.61%	79.16%	78.26%	78.63%	86.12%	81.97%	78.51%	76.84%	82.55%	79.22%	78.41%	89.11%	77.32%	75.21%	78.07%	78.19%	88.98%	85.84%	76.88%	78.39%	77.13%	79.30%	78.90%	88.78%	76.94%	78.49%	78.12%	75.91%	77.25%	79.39%	72.54%	77.24%	78.47%	79.95%	80.81%	82.26%	78.60%	85.28%	78.43%	75.31%	78.55%	78.36%	76.02%	77.99%	78.81%	78.07%	80.30%	77.85%	78.52%	81.65%	77.05%	77.54%	77.62%	70.96%	78.64%	78.38%	78.11%	79.41%	89.04%	77.70%	78.31%	77.16%	77.92%	78.55%	89.49%	77.65%	89.15%	79.26%	77.23%	75.67%	76.32%	77.90%	66.59%	77.76%	76.31%	81.32%	79.48%	78.47%	79.07%	82.46%	70.75%									
																																																																																																																	
																																																																																																																	
																																																																																																																	
																																																																																																																	
																																																																																																																	
																																																																																																																	
																																																																																																																	
																																																																																																																	
																																																																																																																	
																																																																																																																	
																																																																																																																	
																																																																																																																	
																																																																																																																	
																																																																																																																	
																																																																																																																	
																																																																																																																	
																																																																																																																	
																																																																																																																	
																																																																																																																	
																																																																																																																	
																																																																																																																	
																																																																																																																	
																																																																																																																	
																																																																																																																	
																																																																																																																	
																																																																																																																	
																																																																																																																	
