Выборы Президента Российской Федерации																																																																						
Дата голосования: 02.03.2008																																																																						
																																																																						
Наименование Избирательной комиссии:    Центральная г.Краснодара																																																																						
																																																																						
Сводная таблица результатов выборов																																																																						
																																																																						
	Число участковых избирательных комиссий	63																																																																				
	"Число участковых избирательных комиссий, приступивших к передаче сведений"	63																																																																				
																																																																						
		Сумма	УИК №2301	УИК №2302	УИК №2303	УИК №2304	УИК №2305	УИК №2306	УИК №2307	УИК №2308	УИК №2309	УИК №2310	УИК №2311	УИК №2312	УИК №2313	УИК №2314	УИК №2315	УИК №2316	УИК №2317	УИК №2318	УИК №2319	УИК №2320	УИК №2321	УИК №2322	УИК №2323	УИК №2324	УИК №2325	УИК №2326	УИК №2327	УИК №2328	УИК №2329	УИК №2330	УИК №2331	УИК №2332	УИК №2333	УИК №2334	УИК №2335	УИК №2336	УИК №2337	УИК №2338	УИК №2339	УИК №2340	УИК №2341	УИК №2342	УИК №2343	УИК №2344	УИК №2345	УИК №2346	УИК №2347	УИК №2348	УИК №2349	УИК №2350	УИК №2351	УИК №2352	УИК №2353	УИК №2354	УИК №2355	УИК №2392	УИК №2393	УИК №2394	УИК №2395	УИК №2396	УИК №2397	УИК №2398	УИК №2399					
1	"Число избирателей, включенных в списки избирателей"	111667	2023	2031	2065	1411	1846	2195	1644	1932	2200	2146	1632	1696	2012	1593	1413	1890	2027	1915	2056	2425	2642	1495	1371	2315	1925	2105	1840	1903	2104	1429	1617	1543	1903	2258	2137	1962	2090	1906	1968	2155	1530	1958	2335	1995	1854	1530	2036	2401	2265	2133	2016	2040	2056	2349	2206	430	363	1367	89	1053	383	132	326					
2	"Число избирательных бюллетеней, полученных участковыми избирательными комиссиями"	113670	2000	2200	2000	1500	1700	2200	1700	1900	2200	2100	1600	1600	2100	1600	1600	1900	2000	2000	2200	2500	2600	1800	1700	2200	2000	2000	1700	1800	2100	1500	1600	1600	1900	2300	2100	2000	1900	1900	1900	2100	1400	2100	2400	2000	2000	1500	2100	2400	2500	2100	2100	2000	2200	2400	2300	600	370	1500	150	1100	600	150	400					
3	"Число избирательных бюллетеней, выданных избирателям, проголосовавшим досрочно"	0	0	0	0	0	0	0	0	0	0	0	0	0	0	0	0	0	0	0	0	0	0	0	0	0	0	0	0	0	0	0	0	0	0	0	0	0	0	0	0	0	0	0	0	0	0	0	0	0	0	0	0	0	0	0	0	0	0	0	0	0	0	0	0					
4	"Число избирательных бюллетеней, выданных в помещениях для голосования в день голосования"	79833	1268	1531	1337	1112	1424	1618	1185	1224	1403	1483	1090	1057	1633	1198	1189	1197	1464	1435	1422	1961	2067	1428	896	1566	1320	1530	1204	1501	1743	879	1072	1167	1217	1551	1673	1705	1270	1329	1305	1474	1150	1570	1614	1469	1304	1158	1388	1493	1558	1502	1408	1396	1704	1517	1437	370	298	1367	0	453	308	114	127					
5	"Число избирательных бюллетеней, выданных вне помещений для голосования в день голосования"	10177	302	201	151	252	235	173	304	145	193	63	207	212	113	147	101	446	124	268	174	61	95	67	130	159	128	131	283	83	54	128	32	96	282	185	186	107	235	239	150	43	73	103	190	190	81	101	179	208	205	193	218	52	119	258	221	60	60	0	89	600	75	18	199					
6	Число погашенных избирательных бюллетеней	23660	430	468	512	136	41	409	211	531	604	554	303	331	354	255	310	257	412	297	604	478	438	305	674	475	552	339	213	216	303	493	496	337	401	564	241	188	395	332	445	583	177	427	596	341	615	241	533	699	737	405	474	552	377	625	642	170	12	133	61	47	217	18	74					
7	Число избирательных бюллетеней в переносных ящиках для голосования	10177	302	201	151	252	235	173	304	145	193	63	207	212	113	147	101	446	124	268	174	61	95	67	130	159	128	131	283	83	54	128	32	96	282	185	186	107	235	239	150	43	73	103	190	190	81	101	179	208	205	193	218	52	119	258	221	60	60	0	89	600	75	18	199					
8	Число бюллетеней в стационарных ящиках для голосования	79479	1268	1531	1337	1112	1189	1618	1185	1222	1403	1480	1090	1057	1633	1198	1185	1197	1464	1435	1422	1961	1972	1428	896	1566	1320	1530	1201	1501	1743	879	1072	1167	1217	1551	1673	1705	1269	1329	1305	1474	1150	1569	1614	1469	1304	1158	1388	1493	1551	1502	1408	1396	1704	1517	1437	370	298	1364	0	453	308	114	127					
9	Число недействительных избирательных бюллетеней	1081	7	17	5	19	24	18	154	18	10	49	2	7	5	13	4	5	31	14	2	1	33	18	0	86	15	9	16	27	20	12	18	21	22	26	0	2	12	8	4	30	24	57	3	20	30	0	3	26	26	3	1	2	2	10	1	7	1	40	3	25	9	2	2					
10	Число действительных избирательных бюллетеней	88575	1563	1715	1483	1345	1400	1773	1335	1349	1586	1494	1295	1262	1741	1332	1282	1638	1557	1689	1594	2021	2034	1477	1026	1639	1433	1652	1468	1557	1777	995	1086	1242	1477	1710	1859	1810	1492	1560	1451	1487	1199	1615	1801	1639	1355	1259	1564	1675	1730	1692	1625	1446	1821	1765	1657	423	357	1324	86	1028	374	130	324					
11	Число полученных открепительных  удостоверений	2815	30	50	40	30	30	30	30	40	45	45	50	30	40	30	30	50	40	50	40	45	45	45	30	45	45	45	30	30	150	40	30	30	55	37	100	30	45	90	40	200	45	250	55	48	30	40	45	40	40	40	60	40	55	50	40	0	0	0	0	0	0	0	0					
12	"Число открепительных удостоверений, выданных избирателям на избирательных участках"	1989	19	40	39	21	25	30	29	35	42	43	46	27	35	25	12	41	32	31	29	38	39	30	26	44	30	40	25	26	37	33	23	13	37	30	78	27	39	76	40	50	31	121	46	41	30	24	35	29	37	26	39	33	44	36	35	0	0	0	0	0	0	0	0					
13	"Число избирателей, проголосовавших по открепительным удостоверениям"	2894	44	30	12	30	18	20	29	25	26	41	34	26	12	31	22	29	34	47	25	32	41	23	29	112	37	36	62	40	38	26	28	32	31	37	46	24	52	60	1	55	24	32	52	29	19	59	35	23	31	26	25	60	46	25	16	63	0	315	17	402	75	12	131					
14	Число неиспользованных открепительных удостоверений	826	11	10	1	9	5	0	1	5	3	2	4	3	5	5	18	9	8	19	11	7	6	15	4	1	15	5	5	4	113	7	7	17	18	7	22	3	6	14	0	150	14	129	9	7	0	16	10	11	3	14	21	7	11	14	5	0	0	0	0	0	0	0	0					
15	"Число открепительных удостоверений, выданных избирателям ТИК"	103	3	2	2	4	1	0	3	2	0	6	0	0	1	1	1	3	3	7	3	2	1	2	4	1	2	4	2	0	2	0	0	1	3	2	2	2	2	1	2	1	2	0	1	2	0	0	1	3	4	1	2	2	1	3	3	0	0	0	0	0	0	0	0					
16	Число утраченных избирательных бюллетеней	0	0	0	0	0	0	0	0	0	0	0	0	0	0	0	0	0	0	0	0	0	0	0	0	0	0	0	0	0	0	0	0	0	0	0	0	0	0	0	0	0	0	0	0	0	0	0	0	0	0	0	0	0	0	0	0	0	0	0	0	0	0	0	0					
17	"Число избирательных бюллетеней, не учтенных при получении"	0	0	0	0	0	0	0	0	0	0	0	0	0	0	0	0	0	0	0	0	0	0	0	0	0	0	0	0	0	0	0	0	0	0	0	0	0	0	0	0	0	0	0	0	0	0	0	0	0	0	0	0	0	0	0	0	0	0	0	0	0	0	0	0					
17а	Число утраченных открепительных удостоверений	0	0	0	0	0	0	0	0	0	0	0	0	0	0	0	0	0	0	0	0	0	0	0	0	0	0	0	0	0	0	0	0	0	0	0	0	0	0	0	0	0	0	0	0	0	0	0	0	0	0	0	0	0	0	0	0	0	0	0	0	0	0	0	0					
17б	"Число открепительных удостоверений, не учтенных при получении"	0	0	0	0	0	0	0	0	0	0	0	0	0	0	0	0	0	0	0	0	0	0	0	0	0	0	0	0	0	0	0	0	0	0	0	0	0	0	0	0	0	0	0	0	0	0	0	0	0	0	0	0	0	0	0	0	0	0	0	0	0	0	0	0					
"Число голосов избирателей, поданных за каждый список"																																																																						
18	Богданов Андрей Владимирович	1051	23	17	4	5	12	39	34	21	10	29	2	16	12	27	26	7	26	25	18	11	18	16	6	34	23	11	38	7	30	8	25	10	13	36	30	13	3	9	21	31	5	17	8	33	21	8	7	5	26	21	2	13	20	6	31	13	6	38	5	4	9	1	6					
		1.17%	1.46%	0.98%	0.27%	0.37%	0.84%	2.18%	2.28%	1.54%	0.63%	1.88%	0.15%	1.26%	0.69%	2.01%	2.02%	0.43%	1.64%	1.47%	1.13%	0.54%	0.87%	1.07%	0.58%	1.97%	1.59%	0.66%	2.56%	0.44%	1.67%	0.79%	2.26%	0.79%	0.87%	2.07%	1.61%	0.72%	0.20%	0.57%	1.44%	2.04%	0.41%	1.02%	0.44%	1.99%	1.52%	0.64%	0.45%	0.29%	1.48%	1.24%	0.12%	0.90%	1.10%	0.34%	1.87%	3.02%	1.68%	2.79%	5.62%	0.38%	2.35%	0.76%	1.84%					
19	Жириновский Владимир Вольфович	5213	174	180	12	6	56	75	58	40	58	102	15	53	95	102	84	56	91	178	141	27	102	114	85	141	162	108	24	48	99	60	135	56	125	115	140	100	8	95	115	38	39	111	22	60	132	14	29	15	75	74	23	60	157	89	46	29	11	646	8	22	37	23	18					
		5.81%	11.08%	10.39%	0.81%	0.44%	3.93%	4.19%	3.90%	2.93%	3.63%	6.61%	1.16%	4.18%	5.44%	7.58%	6.53%	3.41%	5.73%	10.45%	8.83%	1.34%	4.93%	7.63%	8.28%	8.17%	11.19%	6.50%	1.62%	3.03%	5.51%	5.96%	12.23%	4.43%	8.34%	6.62%	7.53%	5.52%	0.53%	6.06%	7.90%	2.50%	3.19%	6.64%	1.22%	3.62%	9.53%	1.11%	1.85%	0.88%	4.27%	4.37%	1.41%	4.14%	8.61%	5.01%	2.77%	6.74%	3.07%	47.36%	8.99%	2.09%	9.66%	17.42%	5.52%					
20	Зюганов Геннадий Андреевич	18465	341	304	334	365	250	376	126	330	368	273	299	288	328	260	216	366	296	284	301	459	388	212	210	310	334	317	346	360	285	217	243	218	272	345	292	392	425	349	280	354	235	301	487	361	314	349	423	460	385	401	402	359	362	413	402	100	63	57	21	105	111	13	28					
		20.60%	21.72%	17.55%	22.45%	26.76%	17.56%	20.99%	8.46%	24.14%	23.06%	17.69%	23.05%	22.70%	18.79%	19.33%	16.80%	22.28%	18.64%	16.68%	18.86%	22.70%	18.77%	14.18%	20.47%	17.97%	23.07%	19.08%	23.32%	22.73%	15.86%	21.55%	22.01%	17.26%	18.15%	19.87%	15.71%	21.63%	28.26%	22.26%	19.24%	23.34%	19.22%	18.00%	26.99%	21.76%	22.67%	27.72%	26.99%	27.04%	21.92%	23.66%	24.72%	24.79%	19.86%	23.27%	24.25%	23.26%	17.60%	4.18%	23.60%	9.97%	28.98%	9.85%	8.59%					
21	Медведев Дмитрий Анатольевич	63846	1025	1214	1133	969	1082	1283	1117	958	1150	1090	979	905	1306	943	956	1209	1144	1202	1134	1524	1526	1135	725	1154	914	1216	1060	1142	1363	710	683	958	1067	1214	1397	1305	1056	1107	1035	1064	920	1186	1284	1185	888	888	1105	1195	1244	1196	1198	1014	1282	1257	1178	281	277	583	52	897	217	93	272					
		71.21%	65.29%	70.09%	76.14%	71.04%	75.98%	71.64%	75.02%	70.08%	72.06%	70.64%	75.48%	71.32%	74.80%	70.11%	74.34%	73.58%	72.04%	70.58%	71.05%	75.37%	73.83%	75.92%	70.66%	66.90%	63.12%	73.21%	71.43%	72.10%	75.85%	70.51%	61.87%	75.85%	71.18%	69.93%	75.15%	72.02%	70.21%	70.60%	71.13%	70.14%	75.22%	70.93%	71.18%	71.43%	64.12%	70.53%	70.52%	70.25%	70.84%	70.56%	73.68%	70.03%	70.32%	70.82%	71.05%	65.35%	77.37%	42.74%	58.43%	85.19%	56.66%	70.45%	83.44%					
																																																																						
																																																																						
																																																																						
																																																																						
																																																																						
																																																																						
																																																																						
																																																																						
																																																																						
																																																																						
																																																																						
																																																																						
																																																																						
																																																																						
																																																																						
																																																																						
																																																																						
																																																																						
