Выборы Президента Российской Федерации																																																																		
Дата голосования: 04.03.2012																																																																		
																																																																		
Наименование Избирательной комиссии:    Елецкая городская																																																																		
																																																																		
Сводная таблица итогов голосования																																																																		
																																																																		
	Число участковых избирательных комиссий	55																																																																
	Число участковых избирательных комиссий, приступивших к передаче сведений	55																																																																
																																																																		
		Сумма	УИК №416	УИК №417	УИК №418	УИК №419	УИК №420	УИК №421	УИК №422	УИК №423	УИК №424	УИК №425	УИК №426	УИК №427	УИК №428	УИК №429	УИК №430	УИК №431	УИК №432	УИК №433	УИК №434	УИК №435	УИК №436	УИК №437	УИК №438	УИК №439	УИК №440	УИК №441	УИК №442	УИК №443	УИК №444	УИК №445	УИК №446	УИК №447	УИК №448	УИК №449	УИК №450	УИК №451	УИК №452	УИК №453	УИК №454	УИК №455	УИК №456	УИК №457	УИК №458	УИК №459	УИК №460	УИК №461	УИК №462	УИК №463	УИК №464	УИК №465	УИК №466	УИК №467	УИК №468	УИК №469	УИК №470									
1	Число избирателей, включенных в список избирателей	88971	1456	1268	984	1710	1639	2010	1154	2109	2261	1189	2420	2419	1678	388	1896	1715	1921	1740	246	141	1194	2257	1318	2395	1598	2266	1229	2005	1980	1448	1378	1824	1748	2109	2318	1013	134	1450	1521	1432	1959	1939	1663	1561	1328	1108	2616	2214	1425	2289	2359	1665	2133	1665	86									
2	Число избирательных бюллетеней, полученных участковой избирательной комиссией	83180	1400	1200	900	1700	1500	1900	1000	2000	2000	1100	2300	2300	1600	395	1800	1600	1800	1700	280	160	1100	2000	1200	2200	1500	2100	1100	1900	1900	1300	1300	1700	1700	2000	2100	1000	145	1300	1400	1300	1800	1800	1600	1500	1200	1000	2500	2000	1300	2100	2200	1600	2000	1600	100									
3	Число избирательных бюллетеней, выданных избирателям, проголосовавшим досрочно	0	0	0	0	0	0	0	0	0	0	0	0	0	0	0	0	0	0	0	0	0	0	0	0	0	0	0	0	0	0	0	0	0	0	0	0	0	0	0	0	0	0	0	0	0	0	0	0	0	0	0	0	0	0	0	0									
4	Число избирательных бюллетеней, выданных в помещении для голосования в день голосования	50875	790	629	507	794	943	1158	657	1229	1303	685	1515	1449	969	198	1176	1006	1203	1079	141	141	625	1230	761	1437	963	1426	722	1212	1242	857	782	930	951	1217	1197	508	107	794	835	881	1182	1065	928	856	774	624	1459	1377	867	1370	1238	953	1055	821	57									
5	Число избирательных бюллетеней, выданных вне помещения для голосования в день голосования	3209	39	59	32	154	62	76	37	54	89	15	30	54	43	190	63	39	43	52	105	0	30	61	25	61	43	37	59	73	36	13	68	169	50	54	128	108	27	86	44	55	57	47	57	45	24	37	36	48	44	37	87	74	70	54	29									
6	Число погашенных избирательных бюллетеней	29096	571	512	361	752	495	666	306	717	608	400	755	797	588	7	561	555	554	569	34	19	445	709	414	702	494	637	319	615	622	430	450	601	699	729	775	384	11	420	521	364	561	688	615	599	402	339	1005	575	389	693	875	573	875	725	14									
7	Число избирательных бюллетеней в переносных ящиках для голосования	3209	39	59	32	154	62	76	37	54	89	15	30	54	43	190	63	39	43	52	105	0	30	61	25	61	43	37	59	73	36	13	68	169	50	54	128	108	27	86	44	55	57	47	57	45	24	37	36	48	44	37	87	74	70	54	29									
8	Число бюллетеней в стационарных ящиках для голосования	50874	790	629	507	794	943	1158	657	1229	1303	685	1515	1449	969	198	1176	1006	1203	1079	141	141	625	1230	761	1437	963	1426	722	1212	1242	857	782	930	951	1217	1197	508	107	794	835	881	1182	1065	928	856	774	624	1459	1377	867	1370	1238	953	1055	821	56									
9	Число недействительных избирательных бюллетеней	827	13	16	14	18	16	20	10	21	21	9	23	28	16	7	16	30	20	19	3	4	8	16	8	16	14	25	8	18	20	13	8	12	11	21	19	3	1	16	9	15	25	13	13	18	9	8	30	31	11	29	11	15	15	12	2									
10	Число действительных избирательных бюллетеней	53256	816	672	525	930	989	1214	684	1262	1371	691	1522	1475	996	381	1223	1015	1226	1112	243	137	647	1275	778	1482	992	1438	773	1267	1258	857	842	1087	990	1250	1306	613	133	864	870	921	1214	1099	972	883	789	653	1465	1394	900	1378	1314	1012	1110	863	83									
11	Число полученных открепительных  удостоверений	673	10	5	7	10	36	10	5	10	21	10	25	17	20	0	25	12	17	18	0	0	7	11	8	27	9	20	10	15	15	5	15	9	12	15	10	5	0	13	5	10	11	15	7	10	15	10	20	14	10	31	16	14	13	8	0									
12	Число открепительных удостоверений, выданных избирателям на избирательном участке	673	10	5	7	10	36	10	5	10	21	10	25	17	20	0	25	12	17	18	0	0	7	11	8	27	9	20	10	15	15	5	15	9	12	15	10	5	0	13	5	10	11	15	7	10	15	10	20	14	10	31	16	14	13	8	0									
13	Число избирателей, проголосовавших по открепительным удостоверениям	395	1	1	2	4	11	16	5	43	4	3	4	9	5	0	6	3	4	6	5	67	4	9	3	6	10	5	5	4	7	4	18	6	3	13	10	6	2	4	6	0	9	6	1	8	6	5	4	4	10	3	2	2	7	3	1									
14	Число неиспользованных открепительных удостоверений	0	0	0	0	0	0	0	0	0	0	0	0	0	0	0	0	0	0	0	0	0	0	0	0	0	0	0	0	0	0	0	0	0	0	0	0	0	0	0	0	0	0	0	0	0	0	0	0	0	0	0	0	0	0	0	0									
15	Число открепительных удостоверений, выданных избирателям ТИК	62	1	1	0	0	3	3	0	2	3	0	5	0	2	0	1	0	1	0	0	0	0	3	1	1	2	0	1	2	0	3	1	0	1	0	0	1	0	1	3	4	0	0	0	0	1	0	3	3	1	1	4	1	2	0	0									
16	Число утраченных открепительных удостоверений	0	0	0	0	0	0	0	0	0	0	0	0	0	0	0	0	0	0	0	0	0	0	0	0	0	0	0	0	0	0	0	0	0	0	0	0	0	0	0	0	0	0	0	0	0	0	0	0	0	0	0	0	0	0	0	0									
17	Число утраченных избирательных бюллетеней	0	0	0	0	0	0	0	0	0	0	0	0	0	0	0	0	0	0	0	0	0	0	0	0	0	0	0	0	0	0	0	0	0	0	0	0	0	0	0	0	0	0	0	0	0	0	0	0	0	0	0	0	0	0	0	0									
18	Число избирательных бюллетеней, не учтенных при получении	0	0	0	0	0	0	0	0	0	0	0	0	0	0	0	0	0	0	0	0	0	0	0	0	0	0	0	0	0	0	0	0	0	0	0	0	0	0	0	0	0	0	0	0	0	0	0	0	0	0	0	0	0	0	0	0									
																																																																		
19	Жириновский Владимир Вольфович	3992	76	48	37	77	78	87	45	98	112	72	102	109	77	12	81	74	80	71	7	11	49	79	57	96	82	106	46	84	80	64	65	85	71	89	81	41	7	61	68	88	98	95	69	80	54	69	142	104	64	98	105	81	103	69	8									
		7.38%	9.17%	6.98%	6.86%	8.12%	7.76%	7.05%	6.48%	7.64%	8.05%	10.29%	6.60%	7.25%	7.61%	3.09%	6.54%	7.08%	6.42%	6.28%	2.85%	7.80%	7.48%	6.12%	7.25%	6.41%	8.15%	7.25%	5.89%	6.54%	6.26%	7.36%	7.65%	7.73%	7.09%	7.00%	6.11%	6.66%	5.22%	6.93%	7.74%	9.40%	7.91%	8.54%	7.01%	8.88%	6.77%	10.44%	9.50%	7.30%	7.03%	6.97%	7.92%	7.89%	9.16%	7.89%	9.41%									
20	Зюганов Геннадий Андреевич	12715	198	164	131	185	212	271	172	306	292	183	432	383	206	41	273	259	313	282	55	2	132	284	192	402	232	358	178	271	287	207	196	254	233	321	326	155	34	181	192	244	316	273	246	205	199	187	363	303	172	368	336	237	256	191	24									
		23.51%	23.88%	23.84%	24.30%	19.51%	21.09%	21.96%	24.78%	23.85%	20.98%	26.14%	27.96%	25.48%	20.36%	10.57%	22.03%	24.78%	25.12%	24.93%	22.36%	1.42%	20.15%	21.99%	24.43%	26.84%	23.06%	24.47%	22.79%	21.09%	22.46%	23.79%	23.06%	23.11%	23.28%	25.26%	24.60%	25.16%	25.37%	20.57%	21.84%	26.07%	25.50%	24.55%	24.97%	22.75%	24.94%	28.29%	24.28%	21.26%	18.88%	26.15%	25.36%	23.08%	22.76%	21.83%	28.24%									
21	Миронов Сергей Михайлович	2398	38	31	22	27	39	50	31	59	58	38	73	68	56	8	73	57	57	69	6	3	23	60	46	56	34	63	28	74	62	41	33	62	47	70	56	30	6	36	37	30	67	40	55	38	37	30	60	64	40	45	48	36	47	31	3									
		4.43%	4.58%	4.51%	4.08%	2.85%	3.88%	4.05%	4.47%	4.60%	4.17%	5.43%	4.72%	4.52%	5.53%	2.06%	5.89%	5.45%	4.57%	6.10%	2.44%	2.13%	3.51%	4.65%	5.85%	3.74%	3.38%	4.31%	3.59%	5.76%	4.85%	4.71%	3.88%	5.64%	4.70%	5.51%	4.23%	4.87%	4.48%	4.09%	4.21%	3.21%	5.41%	3.60%	5.58%	4.22%	4.64%	4.54%	4.01%	4.49%	4.39%	3.20%	3.62%	3.51%	4.18%	3.54%	3.53%									
22	Прохоров Михаил Дмитриевич	3177	44	27	33	47	72	76	41	61	84	33	117	79	76	7	102	66	71	65	23	2	34	78	59	116	70	84	46	86	67	42	39	61	73	80	49	29	7	45	68	48	85	56	44	66	47	44	68	78	53	83	59	56	80	49	2									
		5.87%	5.31%	3.92%	6.12%	4.96%	7.16%	6.16%	5.91%	4.75%	6.03%	4.71%	7.57%	5.26%	7.51%	1.80%	8.23%	6.32%	5.70%	5.75%	9.35%	1.42%	5.19%	6.04%	7.51%	7.74%	6.96%	5.74%	5.89%	6.69%	5.24%	4.83%	4.59%	5.55%	7.29%	6.29%	3.70%	4.71%	5.22%	5.11%	7.74%	5.13%	6.86%	5.04%	4.47%	7.33%	5.89%	6.66%	4.55%	5.47%	5.82%	5.90%	4.45%	5.45%	7.11%	5.60%	2.35%									
23	Путин Владимир Владимирович	30974	460	402	302	594	588	730	395	738	825	365	798	836	581	313	694	559	705	625	152	119	409	774	424	812	574	827	475	752	762	503	509	625	566	690	794	358	79	541	505	511	648	635	558	494	452	323	832	845	571	784	766	602	624	523	46									
		57.27%	55.49%	58.43%	56.03%	62.66%	58.51%	59.16%	56.92%	57.52%	59.27%	52.14%	51.65%	55.62%	57.41%	80.67%	56.01%	53.49%	56.58%	55.26%	61.79%	84.40%	62.44%	59.95%	53.94%	54.21%	57.06%	56.53%	60.82%	58.52%	59.62%	57.82%	59.88%	56.87%	56.54%	54.29%	59.92%	58.12%	58.96%	61.48%	57.45%	54.59%	52.30%	57.10%	56.65%	54.83%	56.64%	48.87%	55.65%	59.30%	62.68%	55.72%	57.81%	58.62%	55.47%	59.77%	54.12%									
																																																																		
																																																																		
																																																																		
																																																																		
																																																																		
																																																																		
																																																																		
																																																																		
																																																																		
																																																																		
																																																																		
																																																																		
																																																																		
																																																																		
																																																																		
																																																																		
																																																																		
																																																																		
																																																																		
																																																																		
																																																																		
																																																																		
																																																																		
																																																																		
																																																																		
																																																																		
																																																																		
