Выборы Президента Российской Федерации																																																																					
Дата голосования: 04.03.2012																																																																					
																																																																					
Наименование Избирательной комиссии:    Боровичcкая																																																																					
																																																																					
Сводная таблица итогов голосования																																																																					
																																																																					
	Число участковых избирательных комиссий	58																																																																			
	Число участковых избирательных комиссий, приступивших к передаче сведений	58																																																																			
																																																																					
		Сумма	УИК №11	УИК №12	УИК №13	УИК №14	УИК №15	УИК №16	УИК №17	УИК №18	УИК №19	УИК №20	УИК №21	УИК №22	УИК №23	УИК №24	УИК №25	УИК №26	УИК №27	УИК №28	УИК №29	УИК №30	УИК №31	УИК №32	УИК №33	УИК №34	УИК №35	УИК №36	УИК №37	УИК №38	УИК №39	УИК №40	УИК №41	УИК №42	УИК №43	УИК №44	УИК №45	УИК №46	УИК №47	УИК №48	УИК №49	УИК №50	УИК №51	УИК №52	УИК №53	УИК №54	УИК №55	УИК №56	УИК №57	УИК №58	УИК №59	УИК №60	УИК №61	УИК №62	УИК №63	УИК №64	УИК №65	УИК №66	УИК №67	УИК №68									
1	Число избирателей, включенных в список избирателей	58641	2139	1408	1106	1159	1272	1918	1238	1468	1456	980	977	1335	873	1600	265	1150	2082	2013	685	888	1466	1186	1312	1742	1034	1044	974	1717	1659	1924	1830	914	1892	551	551	171	1159	336	224	335	390	1367	869	227	504	471	437	511	1838	292	251	1185	741	500	404	279	115	227									
2	Число избирательных бюллетеней, полученных участковой избирательной комиссией	58250	2100	1400	1100	1200	1300	1950	1200	1450	1450	950	1000	1300	850	1600	300	1150	2100	2000	650	850	1500	1150	1300	1700	1050	1050	1000	1700	1650	1900	1800	900	1850	550	500	150	1150	350	200	350	350	1350	900	200	500	550	550	550	1800	250	250	1200	700	450	400	250	100	200									
3	Число избирательных бюллетеней, выданных избирателям, проголосовавшим досрочно	0	0	0	0	0	0	0	0	0	0	0	0	0	0	0	0	0	0	0	0	0	0	0	0	0	0	0	0	0	0	0	0	0	0	0	0	0	0	0	0	0	0	0	0	0	0	0	0	0	0	0	0	0	0	0	0	0	0	0									
4	Число избирательных бюллетеней, выданных в помещении для голосования в день голосования	32513	1318	883	697	734	736	1134	642	886	896	528	492	743	431	894	177	655	1211	998	371	492	940	574	567	1022	597	507	543	990	968	1190	967	509	1042	315	343	88	654	182	138	192	163	640	462	157	230	192	202	229	1039	99	117	695	399	197	183	112	35	116									
5	Число избирательных бюллетеней, выданных вне помещения для голосования в день голосования	2368	39	12	2	16	17	27	6	7	17	12	12	14	4	17	80	11	18	19	12	13	13	16	66	14	16	13	21	18	22	13	24	16	55	6	20	22	51	73	36	34	99	132	101	11	67	141	149	95	75	61	61	98	55	167	55	24	31	42									
6	Число погашенных избирательных бюллетеней	23369	743	505	401	450	547	789	552	557	537	410	496	543	415	689	43	484	871	983	267	345	547	560	667	664	437	530	436	692	660	697	809	375	753	229	137	40	445	95	26	124	88	578	337	32	203	217	199	226	686	90	72	407	246	86	162	114	34	42									
7	Число избирательных бюллетеней в переносных ящиках для голосования	2368	39	12	2	16	17	27	6	7	17	12	12	14	4	17	80	11	18	19	12	13	13	16	66	14	16	13	21	18	22	13	24	16	55	6	20	22	51	73	36	34	99	132	101	11	67	141	149	95	75	61	61	98	55	167	55	24	31	42									
8	Число бюллетеней в стационарных ящиках для голосования	32503	1317	883	697	733	736	1134	642	886	896	528	491	742	431	894	177	655	1209	998	370	492	940	574	567	1022	597	507	543	990	968	1190	966	509	1042	315	343	88	654	182	138	192	163	640	462	157	230	192	202	229	1039	99	117	693	399	197	183	112	35	116									
9	Число недействительных избирательных бюллетеней	345	11	5	5	9	8	13	10	10	15	3	4	10	3	9	1	8	17	10	5	4	9	3	9	13	8	7	5	9	2	9	12	4	12	2	2	1	12	0	2	4	0	3	8	3	3	0	13	5	11	1	1	4	3	1	1	0	0	3									
10	Число действительных избирательных бюллетеней	34526	1345	890	694	740	745	1148	638	883	898	537	499	746	432	902	256	658	1210	1007	377	501	944	587	624	1023	605	513	559	999	988	1194	978	521	1085	319	361	109	693	255	172	222	262	769	555	165	294	333	338	319	1103	159	177	787	451	363	237	136	66	155									
11	Число полученных открепительных  удостоверений	738	20	10	10	10	15	20	10	10	20	10	10	15	10	30	0	10	20	20	10	10	10	10	10	20	10	20	10	15	20	15	10	10	12	10	10	10	15	10	10	10	10	13	10	10	10	20	10	20	20	10	10	10	10	10	18	10	10	10									
12	Число открепительных удостоверений, выданных избирателям на избирательном участке	471	17	7	9	6	14	18	7	9	16	2	7	10	7	23	0	7	15	13	3	4	9	5	4	10	8	8	4	15	11	11	10	4	11	1	4	6	15	6	10	3	2	10	6	2	6	20	4	20	15	2	4	8	1	2	18	1	1	0									
13	Число избирателей, проголосовавших по открепительным удостоверениям	480	13	9	7	11	7	8	5	11	9	7	5	14	8	13	25	6	15	7	8	5	8	8	7	27	4	9	7	9	8	14	10	8	5	1	11	6	8	8	8	5	4	10	2	8	5	5	14	8	6	7	5	12	3	10	4	9	0	4									
14	Число неиспользованных открепительных удостоверений	267	3	3	1	4	1	2	3	1	4	8	3	5	3	7	0	3	5	7	7	6	1	5	6	10	2	12	6	0	9	4	0	6	1	9	6	4	0	4	0	7	8	3	4	8	4	0	6	0	5	8	6	2	9	8	0	9	9	10									
15	Число открепительных удостоверений, выданных избирателям ТИК	131	11	3	3	2	3	4	3	3	1	1	4	1	1	2	0	4	3	7	3	0	4	0	1	8	1	4	3	2	4	3	8	3	1	0	4	0	3	0	0	0	1	2	2	1	3	3	1	0	1	0	0	4	2	1	2	0	0	0									
16	Число утраченных открепительных удостоверений	0	0	0	0	0	0	0	0	0	0	0	0	0	0	0	0	0	0	0	0	0	0	0	0	0	0	0	0	0	0	0	0	0	0	0	0	0	0	0	0	0	0	0	0	0	0	0	0	0	0	0	0	0	0	0	0	0	0	0									
17	Число утраченных избирательных бюллетеней	0	0	0	0	0	0	0	0	0	0	0	0	0	0	0	0	0	0	0	0	0	0	0	0	0	0	0	0	0	0	0	0	0	0	0	0	0	0	0	0	0	0	0	0	0	0	0	0	0	0	0	0	0	0	0	0	0	0	0									
18	Число избирательных бюллетеней, не учтенных при получении	0	0	0	0	0	0	0	0	0	0	0	0	0	0	0	0	0	0	0	0	0	0	0	0	0	0	0	0	0	0	0	0	0	0	0	0	0	0	0	0	0	0	0	0	0	0	0	0	0	0	0	0	0	0	0	0	0	0	0									
																																																																					
19	Жириновский Владимир Вольфович	2828	89	61	38	53	47	80	65	72	52	45	53	63	42	62	21	68	116	116	35	33	81	44	69	99	56	55	53	78	62	71	76	53	95	24	32	9	47	14	10	25	13	51	46	22	32	31	30	14	114	18	8	65	44	19	23	19	6	9									
		8.11%	6.56%	6.82%	5.44%	7.08%	6.24%	6.89%	10.03%	8.06%	5.70%	8.33%	10.54%	8.33%	9.66%	6.81%	8.17%	10.21%	9.45%	11.41%	9.16%	6.53%	8.50%	7.46%	10.90%	9.56%	9.14%	10.58%	9.40%	7.74%	6.26%	5.90%	7.68%	10.10%	8.66%	7.48%	8.82%	8.18%	6.67%	5.49%	5.75%	11.06%	4.96%	6.61%	8.17%	13.10%	10.77%	9.31%	8.55%	4.32%	10.23%	11.25%	4.49%	8.22%	9.69%	5.22%	9.66%	13.97%	9.09%	5.70%									
20	Зюганов Геннадий Андреевич	6219	245	198	167	171	155	229	104	173	216	108	90	122	71	181	31	123	208	119	70	66	132	81	96	183	95	85	81	212	187	221	190	114	257	41	68	16	118	51	23	26	51	142	93	23	50	51	36	42	207	20	19	142	78	52	43	20	7	19									
		17.83%	18.07%	22.12%	23.89%	22.83%	20.58%	19.72%	16.05%	19.37%	23.66%	20.00%	17.89%	16.14%	16.32%	19.87%	12.06%	18.47%	16.95%	11.70%	18.32%	13.07%	13.85%	13.73%	15.17%	17.66%	15.50%	16.35%	14.36%	21.03%	18.89%	18.37%	19.19%	21.71%	23.43%	12.77%	18.73%	14.55%	16.74%	20.00%	13.22%	11.50%	19.47%	18.39%	16.52%	13.69%	16.84%	15.32%	10.26%	12.96%	18.58%	12.50%	10.67%	17.95%	17.18%	14.29%	18.07%	14.71%	10.61%	12.03%									
21	Миронов Сергей Михайлович	2547	101	87	71	60	79	95	43	89	69	52	34	60	26	63	17	63	90	72	23	41	89	22	30	96	35	40	44	66	82	99	73	34	71	26	23	7	61	14	11	10	24	42	24	4	15	15	19	18	91	2	12	34	33	23	8	5	3	7									
		7.30%	7.45%	9.72%	10.16%	8.01%	10.49%	8.18%	6.64%	9.97%	7.56%	9.63%	6.76%	7.94%	5.98%	6.92%	6.61%	9.46%	7.33%	7.08%	6.02%	8.12%	9.34%	3.73%	4.74%	9.27%	5.71%	7.69%	7.80%	6.55%	8.28%	8.23%	7.37%	6.48%	6.47%	8.10%	6.34%	6.36%	8.65%	5.49%	6.32%	4.42%	9.16%	5.44%	4.26%	2.38%	5.05%	4.50%	5.41%	5.56%	8.17%	1.25%	6.74%	4.30%	7.27%	6.32%	3.36%	3.68%	4.55%	4.43%									
22	Прохоров Михаил Дмитриевич	2637	174	79	51	65	43	102	57	71	71	55	52	83	40	79	14	54	87	75	35	36	61	40	36	85	70	37	35	77	90	97	84	33	58	22	10	3	55	11	5	14	15	47	30	13	10	12	16	14	79	7	11	44	32	29	16	12	0	4									
		7.56%	12.83%	8.83%	7.30%	8.68%	5.71%	8.79%	8.80%	7.95%	7.78%	10.19%	10.34%	10.98%	9.20%	8.67%	5.45%	8.11%	7.09%	7.37%	9.16%	7.13%	6.40%	6.78%	5.69%	8.20%	11.42%	7.12%	6.21%	7.64%	9.09%	8.06%	8.48%	6.29%	5.29%	6.85%	2.75%	2.73%	7.80%	4.31%	2.87%	6.19%	5.73%	6.09%	5.33%	7.74%	3.37%	3.60%	4.56%	4.32%	7.09%	4.38%	6.18%	5.56%	7.05%	7.97%	6.72%	8.82%	0.00%	2.53%									
23	Путин Владимир Владимирович	20295	736	465	367	391	421	642	369	478	490	277	270	418	253	517	173	350	709	625	214	325	581	400	393	560	349	296	346	566	567	706	555	287	604	206	228	74	412	165	123	147	159	487	362	103	187	224	237	231	612	112	127	502	264	240	147	80	50	116									
		58.20%	54.28%	51.96%	52.50%	52.20%	55.91%	55.30%	56.94%	53.53%	53.67%	51.30%	53.68%	55.29%	58.16%	56.75%	67.32%	52.55%	57.78%	61.46%	56.02%	64.36%	60.97%	67.80%	62.09%	54.05%	56.93%	56.92%	61.35%	56.15%	57.27%	58.69%	56.06%	54.67%	55.06%	64.17%	62.81%	67.27%	58.44%	64.71%	70.69%	65.04%	60.69%	63.08%	64.30%	61.31%	62.96%	67.27%	67.52%	71.30%	54.94%	70.00%	71.35%	63.46%	58.15%	65.93%	61.76%	58.82%	75.76%	73.42%									
																																																																					
																																																																					
																																																																					
																																																																					
																																																																					
																																																																					
																																																																					
																																																																					
																																																																					
																																																																					
																																																																					
																																																																					
																																																																					
																																																																					
																																																																					
																																																																					
																																																																					
																																																																					
																																																																					
																																																																					
																																																																					
																																																																					
																																																																					
																																																																					
																																																																					
																																																																					
																																																																					
