Выборы Президента Российской Федерации																																																												
Дата голосования: 04.03.2012																																																												
																																																												
Наименование Избирательной комиссии:    Бузулукская																																																												
																																																												
Сводная таблица итогов голосования																																																												
																																																												
	Число участковых избирательных комиссий	49																																																										
	Число участковых избирательных комиссий, приступивших к передаче сведений	49																																																										
																																																												
		Сумма	УИК №308	УИК №309	УИК №310	УИК №311	УИК №312	УИК №313	УИК №314	УИК №315	УИК №316	УИК №317	УИК №318	УИК №319	УИК №320	УИК №321	УИК №322	УИК №323	УИК №324	УИК №325	УИК №326	УИК №327	УИК №328	УИК №329	УИК №330	УИК №331	УИК №332	УИК №333	УИК №334	УИК №335	УИК №336	УИК №337	УИК №338	УИК №339	УИК №340	УИК №341	УИК №342	УИК №343	УИК №344	УИК №345	УИК №346	УИК №347	УИК №348	УИК №349	УИК №350	УИК №351	УИК №352	УИК №353	УИК №354	УИК №355	УИК №356									
1	Число избирателей, включенных в список избирателей	27325	516	410	582	89	159	409	342	125	339	154	1079	551	617	418	128	1685	735	170	955	360	98	499	554	161	586	624	1451	443	365	354	172	1593	430	743	217	581	730	563	508	1096	284	436	455	627	1611	1413	652	151	105									
2	Число избирательных бюллетеней, полученных участковой избирательной комиссией	27537	516	405	593	92	159	423	344	125	344	149	1078	560	627	420	126	1698	740	172	966	363	97	509	561	163	588	631	1455	448	366	361	178	1604	430	751	219	582	740	563	521	1100	287	441	463	637	1610	1417	649	158	108									
3	Число избирательных бюллетеней, выданных избирателям, проголосовавшим досрочно	0	0	0	0	0	0	0	0	0	0	0	0	0	0	0	0	0	0	0	0	0	0	0	0	0	0	0	0	0	0	0	0	0	0	0	0	0	0	0	0	0	0	0	0	0	0	0	0	0	0									
4	Число избирательных бюллетеней, выданных в помещении для голосования в день голосования	14011	233	103	298	39	91	219	168	78	202	71	588	298	287	190	60	837	344	89	466	157	51	268	328	59	257	251	815	259	180	205	86	964	218	396	89	287	419	323	286	546	148	306	232	310	776	591	349	104	90									
5	Число избирательных бюллетеней, выданных вне помещения для голосования в день голосования	2425	62	176	67	24	19	52	56	26	15	24	63	84	67	70	24	79	37	14	69	67	33	48	39	4	60	124	8	15	14	39	20	75	32	30	31	80	50	51	79	118	37	19	46	66	84	86	36	6	0									
6	Число погашенных избирательных бюллетеней	11101	221	126	228	29	49	152	120	21	127	54	427	178	273	160	42	782	359	69	431	139	13	193	194	100	271	256	632	174	172	117	72	565	180	325	99	215	271	189	156	436	102	116	185	261	750	740	264	48	18									
7	Число избирательных бюллетеней в переносных ящиках для голосования	2425	62	176	67	24	19	52	56	26	15	24	63	84	67	70	24	79	37	14	69	67	33	48	39	4	60	124	8	15	14	39	20	75	32	30	31	80	50	51	79	118	37	19	46	66	84	86	36	6	0									
8	Число бюллетеней в стационарных ящиках для голосования	14011	233	103	298	39	91	219	168	78	202	71	588	298	287	190	60	837	344	89	466	157	51	268	328	59	257	251	815	259	180	205	86	964	218	396	89	287	419	323	286	546	148	306	232	310	776	591	349	104	90									
9	Число недействительных избирательных бюллетеней	133	1	2	2	0	0	5	3	0	1	0	8	6	7	0	0	9	6	0	2	0	0	4	5	1	0	4	5	3	1	3	1	6	3	1	4	2	4	2	1	10	1	1	4	2	8	3	2	0	0									
10	Число действительных избирательных бюллетеней	16303	294	277	363	63	110	266	221	104	216	95	643	376	347	260	84	907	375	103	533	224	84	312	362	62	317	371	818	271	193	241	105	1033	247	425	116	365	465	372	364	654	184	324	274	374	852	674	383	110	90									
11	Число полученных открепительных  удостоверений	278	3	6	8	3	3	7	4	2	6	2	8	11	4	3	2	11	1	2	6	4	1	5	6	3	3	5	10	6	3	8	3	16	5	7	1	6	8	3	10	10	4	16	10	7	12	6	4	2	2									
12	Число открепительных удостоверений, выданных избирателям на избирательном участке	276	3	6	8	3	3	7	4	2	6	2	8	11	4	3	2	11	1	2	6	3	1	5	6	3	3	5	10	6	3	8	3	16	5	7	1	6	8	3	10	10	4	16	10	7	12	6	4	2	1									
13	Число избирателей, проголосовавших по открепительным удостоверениям	132	2	12	3	0	1	2	2	0	0	3	4	0	0	1	4	6	1	0	3	1	2	3	3	1	4	0	6	3	3	1	0	2	1	1	0	2	0	3	1	13	4	6	3	1	8	6	9	1	0									
14	Число неиспользованных открепительных удостоверений	2	0	0	0	0	0	0	0	0	0	0	0	0	0	0	0	0	0	0	0	1	0	0	0	0	0	0	0	0	0	0	0	0	0	0	0	0	0	0	0	0	0	0	0	0	0	0	0	0	1									
15	Число открепительных удостоверений, выданных избирателям ТИК	20	0	0	1	0	1	0	0	0	0	0	1	1	0	0	0	0	0	0	0	0	0	2	0	0	1	0	1	0	0	1	0	0	0	0	0	0	0	1	0	1	1	0	3	1	2	0	0	0	2									
16	Число утраченных открепительных удостоверений	0	0	0	0	0	0	0	0	0	0	0	0	0	0	0	0	0	0	0	0	0	0	0	0	0	0	0	0	0	0	0	0	0	0	0	0	0	0	0	0	0	0	0	0	0	0	0	0	0	0									
17	Число утраченных избирательных бюллетеней	0	0	0	0	0	0	0	0	0	0	0	0	0	0	0	0	0	0	0	0	0	0	0	0	0	0	0	0	0	0	0	0	0	0	0	0	0	0	0	0	0	0	0	0	0	0	0	0	0	0									
18	Число избирательных бюллетеней, не учтенных при получении	0	0	0	0	0	0	0	0	0	0	0	0	0	0	0	0	0	0	0	0	0	0	0	0	0	0	0	0	0	0	0	0	0	0	0	0	0	0	0	0	0	0	0	0	0	0	0	0	0	0									
																																																												
19	Жириновский Владимир Вольфович	1328	13	22	21	2	9	16	16	8	10	6	59	30	27	30	6	80	34	9	35	25	13	33	21	11	43	30	78	20	9	19	17	98	26	44	6	40	52	21	20	52	21	17	29	29	39	40	26	10	6									
		8.08%	4.41%	7.89%	5.75%	3.17%	8.18%	5.90%	7.14%	7.69%	4.61%	6.32%	9.06%	7.85%	7.63%	11.54%	7.14%	8.73%	8.92%	8.74%	6.54%	11.16%	15.48%	10.44%	5.72%	17.46%	13.56%	8.00%	9.48%	7.30%	4.64%	7.79%	16.04%	9.43%	10.40%	10.33%	5.00%	10.90%	11.09%	5.61%	5.48%	7.83%	11.35%	5.23%	10.43%	7.71%	4.53%	5.91%	6.75%	9.09%	6.67%									
20	Зюганов Геннадий Андреевич	4284	89	57	106	23	32	88	77	9	45	26	135	81	74	37	26	240	108	22	158	46	8	81	99	8	50	86	222	59	86	67	12	345	63	100	48	84	148	101	113	173	53	86	61	92	215	204	91	22	28									
		26.06%	30.17%	20.43%	29.04%	36.51%	29.09%	32.47%	34.38%	8.65%	20.74%	27.37%	20.74%	21.20%	20.90%	14.23%	30.95%	26.20%	28.35%	21.36%	29.53%	20.54%	9.52%	25.63%	26.98%	12.70%	15.77%	22.93%	26.97%	21.53%	44.33%	27.46%	11.32%	33.21%	25.20%	23.47%	40.00%	22.89%	31.56%	27.01%	30.96%	26.05%	28.65%	26.46%	21.94%	24.47%	25.00%	30.13%	23.64%	20.00%	31.11%									
21	Миронов Сергей Михайлович	466	9	12	18	0	2	14	2	3	6	1	14	9	15	8	0	35	6	4	17	12	2	4	11	1	5	5	31	10	4	1	3	29	11	18	0	11	14	13	4	12	2	5	4	7	24	19	16	11	2									
		2.84%	3.05%	4.30%	4.93%	0.00%	1.82%	5.17%	0.89%	2.88%	2.76%	1.05%	2.15%	2.36%	4.24%	3.08%	0.00%	3.82%	1.57%	3.88%	3.18%	5.36%	2.38%	1.27%	2.99%	1.59%	1.58%	1.33%	3.77%	3.65%	2.06%	0.41%	2.83%	2.79%	4.40%	4.23%	0.00%	2.99%	2.99%	3.48%	1.10%	1.81%	1.08%	1.54%	1.44%	1.86%	2.79%	2.81%	4.16%	10.00%	2.22%									
22	Прохоров Михаил Дмитриевич	702	7	16	13	4	5	6	3	3	9	2	42	8	19	8	0	43	19	3	32	13	1	6	7	3	17	19	56	12	4	4	0	35	15	18	0	22	22	8	10	32	9	15	11	23	46	30	18	3	1									
		4.27%	2.37%	5.73%	3.56%	6.35%	4.55%	2.21%	1.34%	2.88%	4.15%	2.11%	6.45%	2.09%	5.37%	3.08%	0.00%	4.69%	4.99%	2.91%	5.98%	5.80%	1.19%	1.90%	1.91%	4.76%	5.36%	5.07%	6.80%	4.38%	2.06%	1.64%	0.00%	3.37%	6.00%	4.23%	0.00%	5.99%	4.69%	2.14%	2.74%	4.82%	4.86%	4.62%	3.96%	6.12%	5.35%	4.43%	4.68%	2.73%	1.11%									
23	Путин Владимир Владимирович	9523	176	170	205	34	62	142	123	81	146	60	393	248	212	177	52	509	208	65	291	128	60	188	224	39	202	231	431	170	90	150	73	526	132	245	62	208	229	229	217	385	99	201	169	223	528	381	232	64	53									
		57.94%	59.66%	60.93%	56.16%	53.97%	56.36%	52.40%	54.91%	77.88%	67.28%	63.16%	60.37%	64.92%	59.89%	68.08%	61.90%	55.57%	54.59%	63.11%	54.39%	57.14%	71.43%	59.49%	61.04%	61.90%	63.72%	61.60%	52.37%	62.04%	46.39%	61.48%	68.87%	50.63%	52.80%	57.51%	51.67%	56.68%	48.83%	61.23%	59.45%	57.98%	53.51%	61.85%	60.79%	59.31%	61.40%	56.28%	60.26%	58.18%	58.89%									
																																																												
																																																												
																																																												
																																																												
																																																												
																																																												
																																																												
																																																												
																																																												
																																																												
																																																												
																																																												
																																																												
																																																												
																																																												
																																																												
																																																												
																																																												
																																																												
																																																												
																																																												
																																																												
																																																												
																																																												
																																																												
																																																												
																																																												
