Выборы Президента Российской Федерации																																															
Дата голосования: 02.03.2008																																															
																																															
Наименование Избирательной комиссии:    Олекминская																																															
																																															
Сводная таблица результатов выборов																																															
																																															
	Число участковых избирательных комиссий	40																																													
	"Число участковых избирательных комиссий, приступивших к передаче сведений"	40																																													
																																															
		Сумма	УИК №470	УИК №471	УИК №472	УИК №473	УИК №474	УИК №475	УИК №476	УИК №477	УИК №478	УИК №479	УИК №480	УИК №481	УИК №482	УИК №483	УИК №484	УИК №485	УИК №486	УИК №487	УИК №488	УИК №489	УИК №490	УИК №491	УИК №492	УИК №493	УИК №494	УИК №495	УИК №496	УИК №497	УИК №498	УИК №499	УИК №500	УИК №501	УИК №502	УИК №503	УИК №504	УИК №505	УИК №506	УИК №507	УИК №508	УИК №509					
1	"Число избирателей, включенных в списки избирателей"	16490	31	510	252	72	356	282	723	454	72	481	77	281	339	260	584	237	739	190	287	439	199	131	454	78	552	137	159	116	656	404	976	1016	1012	1173	452	824	735	196	367	187					
2	"Число избирательных бюллетеней, полученных участковыми избирательными комиссиями"	16504	34	524	249	77	373	334	805	516	87	607	85	311	376	269	605	248	740	221	284	479	238	132	465	87	550	160	193	126	622	470	900	1000	900	900	380	750	650	197	368	192					
3	"Число избирательных бюллетеней, выданных избирателям, проголосовавшим досрочно"	117	0	0	0	0	0	0	0	0	0	0	0	0	0	34	0	0	0	0	0	50	0	0	0	0	0	0	0	0	21	0	0	12	0	0	0	0	0	0	0	0					
4	"Число избирательных бюллетеней, выданных в помещениях для голосования в день голосования"	12188	28	419	237	69	298	260	651	374	55	431	72	228	289	198	498	214	566	184	208	369	157	113	318	78	459	132	139	95	173	321	624	604	619	811	290	510	500	168	296	133					
5	"Число избирательных бюллетеней, выданных вне помещений для голосования в день голосования"	1496	2	48	12	3	29	6	44	31	17	50	5	16	18	9	47	8	90	6	29	20	42	8	48	0	37	5	7	7	171	83	71	120	92	68	41	95	48	14	13	36					
6	Число погашенных избирательных бюллетеней	2703	4	57	0	5	46	68	110	111	15	126	8	67	69	28	60	26	84	31	47	40	39	11	99	9	54	23	47	24	257	66	205	264	189	21	49	145	102	15	59	23					
7	Число избирательных бюллетеней в переносных ящиках для голосования	1613	2	48	12	3	29	6	44	31	17	50	5	16	18	43	47	8	90	6	29	70	42	8	48	0	37	5	7	7	192	83	71	132	92	68	41	95	48	14	13	36					
8	Число бюллетеней в стационарных ящиках для голосования	12056	28	419	237	69	298	260	651	374	55	431	72	228	289	198	498	214	566	184	208	369	157	113	318	78	459	132	139	95	173	321	624	472	619	811	290	510	500	168	296	133					
9	Число недействительных избирательных бюллетеней	219	0	4	1	0	8	5	8	5	0	11	1	5	1	5	11	3	10	0	2	4	4	0	10	4	4	3	0	1	6	1	10	5	16	16	5	17	15	8	7	3					
10	Число действительных избирательных бюллетеней	13450	30	463	248	72	319	261	687	400	72	470	76	239	306	236	534	219	646	190	235	435	195	121	356	74	492	134	146	101	359	403	685	599	695	863	326	588	533	174	302	166					
11	Число полученных открепительных  удостоверений	320	2	6	5	5	10	13	20	13	1	15	3	7	2	7	10	10	15	5	5	15	10	2	10	2	10	2	6	8	6	10	8	13	7	20	5	10	10	5	5	2					
12	"Число открепительных удостоверений, выданных избирателям на избирательных участках"	268	0	5	0	0	9	13	20	13	1	15	3	7	2	4	10	10	15	5	4	14	10	1	0	1	10	2	3	7	6	6	4	12	7	18	5	10	9	2	5	0					
13	"Число избирателей, проголосовавших по открепительным удостоверениям"	135	0	3	1	1	3	0	6	5	1	2	3	3	2	0	3	2	8	2	6	6	3	1	1	0	6	0	0	0	1	3	14	13	8	7	3	3	5	7	1	2					
14	Число неиспользованных открепительных удостоверений	52	2	1	5	5	1	0	0	0	0	0	0	0	0	3	0	0	0	0	1	1	0	1	10	1	0	0	3	1	0	4	4	1	0	2	0	0	1	3	0	2					
15	"Число открепительных удостоверений, выданных избирателям ТИК"	10	0	0	0	0	0	0	0	0	0	0	0	0	0	0	0	1	0	0	1	0	0	0	0	0	0	0	0	1	0	0	0	1	1	2	1	1	1	0	0	0					
16	Число утраченных избирательных бюллетеней	0	0	0	0	0	0	0	0	0	0	0	0	0	0	0	0	0	0	0	0	0	0	0	0	0	0	0	0	0	0	0	0	0	0	0	0	0	0	0	0	0					
17	"Число избирательных бюллетеней, не учтенных при получении"	0	0	0	0	0	0	0	0	0	0	0	0	0	0	0	0	0	0	0	0	0	0	0	0	0	0	0	0	0	0	0	0	0	0	0	0	0	0	0	0	0					
17а	Число утраченных открепительных удостоверений	0	0	0	0	0	0	0	0	0	0	0	0	0	0	0	0	0	0	0	0	0	0	0	0	0	0	0	0	0	0	0	0	0	0	0	0	0	0	0	0	0					
17б	"Число открепительных удостоверений, не учтенных при получении"	0	0	0	0	0	0	0	0	0	0	0	0	0	0	0	0	0	0	0	0	0	0	0	0	0	0	0	0	0	0	0	0	0	0	0	0	0	0	0	0	0					
"Число голосов избирателей, поданных за каждый список"																																															
18	Богданов Андрей Владимирович	145	0	3	1	1	1	2	4	4	0	7	3	2	4	5	5	5	7	3	3	2	4	1	2	0	3	4	0	2	7	2	10	6	9	7	3	8	3	7	5	0					
		1.06%	0.00%	0.64%	0.40%	1.39%	0.31%	0.75%	0.58%	0.99%	0.00%	1.46%	3.90%	0.82%	1.30%	2.07%	0.92%	2.25%	1.07%	1.58%	1.27%	0.46%	2.01%	0.83%	0.55%	0.00%	0.60%	2.92%	0.00%	1.96%	1.92%	0.50%	1.44%	0.99%	1.27%	0.80%	0.91%	1.32%	0.55%	3.85%	1.62%	0.00%					
19	Жириновский Владимир Вольфович	826	0	52	14	1	16	3	27	14	3	24	3	3	13	2	22	13	30	6	26	26	12	6	28	1	14	2	3	4	38	24	60	48	50	77	20	38	42	12	30	19					
		6.04%	0.00%	11.13%	5.62%	1.39%	4.89%	1.13%	3.88%	3.46%	4.17%	4.99%	3.90%	1.23%	4.23%	0.83%	4.04%	5.86%	4.57%	3.16%	10.97%	5.92%	6.03%	4.96%	7.65%	1.28%	2.82%	1.46%	2.05%	3.92%	10.41%	5.94%	8.63%	7.95%	7.03%	8.76%	6.04%	6.28%	7.66%	6.59%	9.71%	11.24%					
20	Зюганов Геннадий Андреевич	2126	1	124	21	7	41	44	160	73	6	127	21	29	51	18	60	34	95	46	34	110	10	8	31	5	140	40	20	13	85	38	90	96	113	91	44	72	67	10	39	12					
		15.55%	3.33%	26.55%	8.43%	9.72%	12.54%	16.54%	23.02%	18.02%	8.33%	26.40%	27.27%	11.89%	16.61%	7.47%	11.01%	15.32%	14.48%	24.21%	14.35%	25.06%	5.03%	6.61%	8.47%	6.41%	28.23%	29.20%	13.70%	12.75%	23.29%	9.41%	12.95%	15.89%	15.89%	10.35%	13.29%	11.90%	12.23%	5.49%	12.62%	7.10%					
21	Медведев Дмитрий Анатольевич	10353	29	284	212	63	261	212	496	309	63	312	49	205	238	211	447	167	514	135	172	297	169	106	295	68	335	88	123	82	229	339	525	449	523	688	259	470	421	145	228	135					
		75.74%	96.67%	60.81%	85.14%	87.50%	79.82%	79.70%	71.37%	76.30%	87.50%	64.86%	63.64%	84.02%	77.52%	87.55%	82.02%	75.23%	78.35%	71.05%	72.57%	67.65%	84.92%	87.60%	80.60%	87.18%	67.54%	64.23%	84.25%	80.39%	62.74%	83.91%	75.54%	74.34%	73.56%	78.27%	78.25%	77.69%	76.82%	79.67%	73.79%	79.88%					
																																															
																																															
																																															
																																															
																																															
																																															
																																															
																																															
																																															
																																															
																																															
																																															
																																															
																																															
																																															
																																															
																																															
																																															
