Выборы Президента Российской Федерации																																																				
Дата голосования: 02.03.2008																																																				
																																																				
Наименование Избирательной комиссии:    Соликамская городская																																																				
																																																				
Сводная таблица результатов выборов																																																				
																																																				
	Число участковых избирательных комиссий	45																																																		
	"Число участковых избирательных комиссий, приступивших к передаче сведений"	45																																																		
																																																				
		Сумма	УИК №3601	УИК №3602	УИК №3603	УИК №3604	УИК №3605	УИК №3606	УИК №3607	УИК №3608	УИК №3609	УИК №3610	УИК №3611	УИК №3612	УИК №3613	УИК №3614	УИК №3615	УИК №3616	УИК №3617	УИК №3618	УИК №3619	УИК №3620	УИК №3621	УИК №3622	УИК №3623	УИК №3624	УИК №3625	УИК №3626	УИК №3627	УИК №3628	УИК №3629	УИК №3630	УИК №3631	УИК №3632	УИК №3633	УИК №3634	УИК №3635	УИК №3636	УИК №3637	УИК №3638	УИК №3639	УИК №3640	УИК №3641	УИК №3642	УИК №3643	УИК №3644	УИК №3645					
1	"Число избирателей, включенных в списки избирателей"	73879	2178	1065	1490	1031	2785	1923	2759	2711	2723	1203	2966	2740	1963	1705	1502	1537	874	2494	2060	2792	982	1849	2642	2974	2261	745	2208	850	1137	2687	2854	1938	1492	468	838	1003	1089	1255	843	338	1066	1385	203	121	150					
2	"Число избирательных бюллетеней, полученных участковыми избирательными комиссиями"	63574	2000	1000	1300	900	2500	1600	2300	2200	2500	1000	2500	2300	1500	1500	1300	1300	700	2100	1700	2500	700	1500	2500	2500	2000	600	2000	700	1000	2500	2500	1700	1300	400	700	800	1000	1000	700	200	1000	1100	203	121	150					
3	"Число избирательных бюллетеней, выданных избирателям, проголосовавшим досрочно"	0	0	0	0	0	0	0	0	0	0	0	0	0	0	0	0	0	0	0	0	0	0	0	0	0	0	0	0	0	0	0	0	0	0	0	0	0	0	0	0	0	0	0	0	0	0					
4	"Число избирательных бюллетеней, выданных в помещениях для голосования в день голосования"	37142	922	484	648	515	1446	997	1513	1539	1447	605	1500	1415	1024	866	780	648	341	1339	1136	1513	507	1013	1389	1503	1170	424	1209	365	558	1304	1283	880	729	194	290	349	475	651	361	174	506	753	203	121	53					
5	"Число избирательных бюллетеней, выданных вне помещений для голосования в день голосования"	1420	43	22	34	11	69	23	22	36	58	11	30	46	25	39	30	93	18	72	10	10	32	8	17	45	25	17	20	12	53	118	60	49	19	9	18	20	15	20	19	11	21	13	0	0	97					
6	Число погашенных избирательных бюллетеней	25012	1035	494	618	374	985	580	765	625	995	384	970	839	451	595	490	559	341	689	554	977	161	479	1094	952	805	159	771	323	389	1078	1157	771	552	197	392	431	510	329	320	15	473	334	0	0	0					
7	Число избирательных бюллетеней в переносных ящиках для голосования	1420	43	22	34	11	69	23	22	36	58	11	30	46	25	39	30	93	18	72	10	10	32	8	17	45	25	17	20	12	53	118	60	49	19	9	18	20	15	20	19	11	21	13	0	0	97					
8	Число бюллетеней в стационарных ящиках для голосования	37139	922	484	648	515	1446	997	1512	1538	1447	605	1500	1415	1024	866	780	648	341	1339	1136	1513	507	1013	1389	1503	1170	424	1209	365	558	1304	1283	880	728	194	290	349	475	651	361	174	506	753	203	121	53					
9	Число недействительных избирательных бюллетеней	409	7	4	8	4	9	11	18	10	17	8	21	19	20	11	16	9	3	10	20	18	4	14	12	16	12	4	12	2	8	15	18	9	9	3	1	3	3	6	3	1	1	8	0	2	0					
10	Число действительных избирательных бюллетеней	38150	958	502	674	522	1506	1009	1516	1564	1488	608	1509	1442	1029	894	794	732	356	1401	1126	1505	535	1007	1394	1532	1183	437	1217	375	603	1407	1325	920	738	200	307	366	487	665	377	184	526	758	203	119	150					
11	Число полученных открепительных  удостоверений	650	20	10	10	10	20	20	20	30	20	10	20	20	30	10	20	10	10	20	20	20	20	10	20	20	20	10	20	10	10	20	20	20	10	10	10	10	10	10	10	10	10	10	0	0	0					
12	"Число открепительных удостоверений, выданных избирателям на избирательных участках"	390	6	5	3	3	14	15	9	19	12	7	17	20	19	8	12	3	1	15	11	20	14	10	12	15	6	3	15	8	9	10	16	11	6	4	5	3	6	3	5	3	2	5	0	0	0					
13	"Число избирателей, проголосовавших по открепительным удостоверениям"	361	5	3	5	7	8	11	5	13	16	9	6	12	4	3	3	3	2	9	9	11	30	4	9	4	9	4	8	7	12	13	12	7	19	1	10	1	7	9	3	13	3	6	19	0	7					
14	Число неиспользованных открепительных удостоверений	260	14	5	7	7	6	5	11	11	8	3	3	0	11	2	8	7	9	5	9	0	6	0	8	5	14	7	5	2	1	10	4	9	4	6	5	7	4	7	5	7	8	5	0	0	0					
15	"Число открепительных удостоверений, выданных избирателям ТИК"	15	0	0	0	0	1	1	1	0	0	0	0	0	0	0	0	0	0	1	1	0	0	0	1	0	1	2	3	0	0	0	0	0	0	0	2	0	0	0	1	0	0	0	0	0	0					
16	Число утраченных избирательных бюллетеней	0	0	0	0	0	0	0	0	0	0	0	0	0	0	0	0	0	0	0	0	0	0	0	0	0	0	0	0	0	0	0	0	0	0	0	0	0	0	0	0	0	0	0	0	0	0					
17	"Число избирательных бюллетеней, не учтенных при получении"	0	0	0	0	0	0	0	0	0	0	0	0	0	0	0	0	0	0	0	0	0	0	0	0	0	0	0	0	0	0	0	0	0	0	0	0	0	0	0	0	0	0	0	0	0	0					
17а	Число утраченных открепительных удостоверений	0	0	0	0	0	0	0	0	0	0	0	0	0	0	0	0	0	0	0	0	0	0	0	0	0	0	0	0	0	0	0	0	0	0	0	0	0	0	0	0	0	0	0	0	0	0					
17б	"Число открепительных удостоверений, не учтенных при получении"	0	0	0	0	0	0	0	0	0	0	0	0	0	0	0	0	0	0	0	0	0	0	0	0	0	0	0	0	0	0	0	0	0	0	0	0	0	0	0	0	0	0	0	0	0	0					
"Число голосов избирателей, поданных за каждый список"																																																				
18	Богданов Андрей Владимирович	536	9	8	13	8	21	22	29	20	27	7	20	27	15	9	9	10	6	27	13	22	3	17	18	18	17	3	24	1	6	21	16	8	6	1	6	4	10	8	6	3	2	12	1	2	1					
		1.39%	0.93%	1.58%	1.91%	1.52%	1.39%	2.16%	1.89%	1.27%	1.79%	1.14%	1.31%	1.85%	1.43%	0.99%	1.11%	1.35%	1.67%	1.91%	1.13%	1.44%	0.56%	1.67%	1.28%	1.16%	1.42%	0.68%	1.95%	0.27%	0.98%	1.48%	1.19%	0.86%	0.80%	0.49%	1.95%	1.08%	2.04%	1.19%	1.58%	1.62%	0.38%	1.57%	0.49%	1.65%	0.67%					
19	Жириновский Владимир Вольфович	5527	185	69	122	62	246	127	193	200	221	106	193	226	127	122	130	101	80	243	168	208	97	137	206	199	151	46	148	61	72	199	184	141	104	26	58	54	86	101	44	26	90	105	22	17	24					
		14.33%	19.17%	13.64%	17.89%	11.79%	16.24%	12.45%	12.58%	12.71%	14.68%	17.21%	12.61%	15.47%	12.11%	13.48%	16.05%	13.63%	22.28%	17.22%	14.66%	13.66%	17.99%	13.42%	14.65%	12.86%	12.64%	10.43%	12.04%	16.18%	11.78%	13.99%	13.70%	15.18%	13.92%	12.81%	18.83%	14.63%	17.55%	15.05%	11.58%	14.05%	17.08%	13.71%	10.84%	14.05%	16.00%					
20	Зюганов Геннадий Андреевич	5302	102	91	92	82	246	141	214	260	211	67	226	216	148	164	114	105	39	165	146	192	75	141	195	205	175	68	167	39	119	192	171	116	100	25	38	41	49	88	59	27	58	100	2	14	17					
		13.75%	10.57%	17.98%	13.49%	15.59%	16.24%	13.82%	13.95%	16.52%	14.02%	10.88%	14.77%	14.78%	14.11%	18.12%	14.07%	14.17%	10.86%	11.69%	12.74%	12.61%	13.91%	13.81%	13.87%	13.24%	14.64%	15.42%	13.59%	10.34%	19.48%	13.50%	12.73%	12.49%	13.39%	12.32%	12.34%	11.11%	10.00%	13.11%	15.53%	14.59%	11.01%	13.05%	0.99%	11.57%	11.33%					
21	Медведев Дмитрий Анатольевич	26785	662	334	447	370	993	719	1080	1084	1029	428	1070	973	739	599	541	516	231	966	799	1083	360	712	975	1110	840	320	878	274	406	995	954	655	528	148	205	267	342	468	268	128	376	541	178	86	108					
		69.46%	68.60%	66.01%	65.54%	70.34%	65.54%	70.49%	70.40%	68.87%	68.37%	69.48%	69.93%	66.60%	70.45%	66.19%	66.79%	69.64%	64.35%	68.46%	69.72%	71.11%	66.79%	69.74%	69.35%	71.71%	70.29%	72.56%	71.44%	72.68%	66.45%	69.97%	71.03%	70.51%	70.68%	72.91%	66.56%	72.36%	69.80%	69.75%	70.53%	69.19%	71.35%	70.63%	87.68%	71.07%	72.00%					
																																																				
																																																				
																																																				
																																																				
																																																				
																																																				
																																																				
																																																				
																																																				
																																																				
																																																				
																																																				
																																																				
																																																				
																																																				
																																																				
																																																				
																																																				
