Выборы Президента Российской Федерации																																																								
Дата голосования: 02.03.2008																																																								
																																																								
Наименование Избирательной комиссии:    Ачинская городская																																																								
																																																								
Сводная таблица результатов выборов																																																								
																																																								
	Число участковых избирательных комиссий	49																																																						
	"Число участковых избирательных комиссий, приступивших к передаче сведений"	49																																																						
																																																								
		Сумма	УИК №1	УИК №2	УИК №3	УИК №4	УИК №5	УИК №6	УИК №7	УИК №8	УИК №9	УИК №10	УИК №11	УИК №12	УИК №13	УИК №14	УИК №15	УИК №16	УИК №17	УИК №18	УИК №19	УИК №20	УИК №21	УИК №22	УИК №23	УИК №24	УИК №25	УИК №26	УИК №27	УИК №28	УИК №29	УИК №30	УИК №31	УИК №32	УИК №33	УИК №34	УИК №35	УИК №36	УИК №37	УИК №38	УИК №39	УИК №40	УИК №41	УИК №2146	УИК №2151	УИК №2152	УИК №2153	УИК №2155	УИК №2156	УИК №2157	УИК №2158					
1	"Число избирателей, включенных в списки избирателей"	87031	2408	1962	2539	2303	2496	843	2174	1715	1420	942	1937	2239	2511	2708	2505	2663	2490	2309	1590	1202	1287	2143	2497	1080	1080	2493	2442	2534	2733	2745	2314	1680	2327	2076	2581	2207	2615	970	1156	1417	1249	374	1828	1707	81	85	20	206	148					
2	"Число избирательных бюллетеней, полученных участковыми избирательными комиссиями"	83594	2300	1900	2450	2200	2350	800	2150	1600	1350	900	1900	2200	2450	2550	2450	2500	2450	2250	1500	1100	1200	2050	2450	1000	1000	2400	2350	2450	2650	2650	2200	1600	2300	2000	2500	2100	2550	900	1100	1350	1100	430	1750	1600	91	98	21	206	148					
3	"Число избирательных бюллетеней, выданных избирателям, проголосовавшим досрочно"	0	0	0	0	0	0	0	0	0	0	0	0	0	0	0	0	0	0	0	0	0	0	0	0	0	0	0	0	0	0	0	0	0	0	0	0	0	0	0	0	0	0	0	0	0	0	0	0	0	0					
4	"Число избирательных бюллетеней, выданных в помещениях для голосования в день голосования"	51276	1319	1071	1378	1439	1622	330	1324	832	730	430	1014	1188	1458	1684	1607	1549	1743	1408	997	732	786	1359	1387	623	587	1444	1493	1569	1754	1559	1644	1067	1280	1211	1434	1221	1833	458	624	742	720	374	1030	984	19	57	14	0	148					
5	"Число избирательных бюллетеней, выданных вне помещений для голосования в день голосования"	1621	24	29	18	10	41	20	52	32	18	36	23	44	56	34	40	38	48	48	16	15	26	23	70	15	19	31	29	33	25	15	22	25	29	35	34	35	24	46	12	12	1	0	36	80	62	28	6	206	0					
6	Число погашенных избирательных бюллетеней	30697	957	800	1054	751	687	450	774	736	602	434	863	968	936	832	803	913	659	794	487	353	388	668	993	362	394	925	828	848	871	1076	534	508	991	754	1032	844	693	396	464	596	379	56	684	536	10	13	1	0	0					
7	Число избирательных бюллетеней в переносных ящиках для голосования	1621	24	29	18	10	41	20	52	32	18	36	23	44	56	34	40	38	48	48	16	15	26	23	70	15	19	31	29	33	25	15	22	25	29	35	34	35	24	46	12	12	1	0	36	80	62	28	6	206	0					
8	Число бюллетеней в стационарных ящиках для голосования	51254	1319	1071	1378	1438	1622	330	1324	832	730	430	1014	1186	1458	1684	1605	1549	1743	1408	997	732	786	1359	1387	623	587	1444	1493	1569	1754	1544	1644	1067	1280	1211	1434	1221	1831	458	624	742	720	374	1030	984	19	57	14	0	148					
9	Число недействительных избирательных бюллетеней	721	18	20	17	30	26	3	8	15	7	8	11	11	21	23	27	18	13	14	15	3	9	11	14	13	8	14	14	18	21	116	13	6	16	15	14	6	22	11	11	12	7	3	10	16	0	4	1	3	5					
10	Число действительных избирательных бюллетеней	52154	1325	1080	1379	1418	1637	347	1368	849	741	458	1026	1219	1493	1695	1618	1569	1778	1442	998	744	803	1371	1443	625	598	1461	1508	1584	1758	1443	1653	1086	1293	1231	1454	1250	1833	493	625	742	714	371	1056	1048	81	81	19	203	143					
11	Число полученных открепительных  удостоверений	518	14	10	15	11	10	7	16	19	11	3	14	12	11	20	19	17	18	16	10	11	5	16	10	6	10	25	14	11	16	11	11	10	11	11	15	11	11	4	11	7	11	0	7	10	0	0	0	0	0					
12	"Число открепительных удостоверений, выданных избирателям на избирательных участках"	373	11	7	14	11	10	5	16	18	8	0	12	8	11	17	18	16	17	14	2	5	1	12	6	5	3	20	12	3	9	9	5	3	5	11	8	5	7	1	4	3	6	0	5	10	0	0	0	0	0					
13	"Число избирателей, проголосовавших по открепительным удостоверениям"	458	9	2	5	3	18	5	16	16	2	6	6	4	13	16	10	11	11	10	12	12	7	5	10	17	5	6	14	9	10	11	4	4	4	9	10	7	7	5	6	5	6	81	5	10	2	2	3	0	7					
14	Число неиспользованных открепительных удостоверений	145	3	3	1	0	0	2	0	1	3	3	2	4	0	3	1	1	1	2	8	6	4	4	4	1	7	5	2	8	7	2	6	7	6	0	7	6	4	3	7	4	5	0	2	0	0	0	0	0	0					
15	"Число открепительных удостоверений, выданных избирателям ТИК"	227	6	2	2	7	3	1	65	6	1	3	3	5	6	4	2	4	8	4	3	3	4	1	5	3	3	2	6	4	8	8	4	0	5	4	4	3	7	2	3	1	5	0	5	2	0	0	0	0	0					
16	Число утраченных избирательных бюллетеней	0	0	0	0	0	0	0	0	0	0	0	0	0	0	0	0	0	0	0	0	0	0	0	0	0	0	0	0	0	0	0	0	0	0	0	0	0	0	0	0	0	0	0	0	0	0	0	0	0	0					
17	"Число избирательных бюллетеней, не учтенных при получении"	0	0	0	0	0	0	0	0	0	0	0	0	0	0	0	0	0	0	0	0	0	0	0	0	0	0	0	0	0	0	0	0	0	0	0	0	0	0	0	0	0	0	0	0	0	0	0	0	0	0					
17а	Число утраченных открепительных удостоверений	0	0	0	0	0	0	0	0	0	0	0	0	0	0	0	0	0	0	0	0	0	0	0	0	0	0	0	0	0	0	0	0	0	0	0	0	0	0	0	0	0	0	0	0	0	0	0	0	0	0					
17б	"Число открепительных удостоверений, не учтенных при получении"	0	0	0	0	0	0	0	0	0	0	0	0	0	0	0	0	0	0	0	0	0	0	0	0	0	0	0	0	0	0	0	0	0	0	0	0	0	0	0	0	0	0	0	0	0	0	0	0	0	0					
"Число голосов избирателей, поданных за каждый список"																																																								
18	Богданов Андрей Владимирович	727	21	11	20	34	49	4	12	8	6	7	10	13	15	40	31	24	18	15	10	5	8	14	19	13	8	26	15	22	19	22	6	19	21	20	36	11	17	7	10	10	7	2	22	8	0	0	1	1	10					
		1.37%	1.56%	1.00%	1.43%	2.35%	2.95%	1.14%	0.87%	0.93%	0.80%	1.50%	0.96%	1.06%	0.99%	2.33%	1.88%	1.51%	1.01%	1.03%	0.99%	0.67%	0.99%	1.01%	1.30%	2.04%	1.32%	1.76%	0.99%	1.37%	1.07%	1.41%	0.36%	1.74%	1.60%	1.61%	2.45%	0.88%	0.92%	1.39%	1.57%	1.33%	0.97%	0.53%	2.06%	0.75%	0.00%	0.00%	5.00%	0.49%	6.76%					
19	Жириновский Владимир Вольфович	9290	295	214	294	294	320	73	224	162	182	111	206	231	320	264	262	242	268	234	181	125	117	230	217	134	101	250	279	278	336	247	209	180	232	208	236	214	251	112	118	172	104	149	157	170	19	12	2	26	28					
		17.57%	21.97%	19.45%	21.06%	20.30%	19.24%	20.86%	16.28%	18.75%	24.33%	23.82%	19.86%	18.78%	21.14%	15.37%	15.93%	15.25%	14.96%	16.07%	17.87%	16.73%	14.41%	16.64%	14.89%	21.00%	16.67%	16.95%	18.33%	17.35%	18.89%	15.84%	12.55%	16.48%	17.72%	16.69%	16.08%	17.04%	13.53%	22.22%	18.55%	22.81%	14.42%	39.84%	14.73%	15.98%	23.46%	14.12%	10.00%	12.62%	18.92%					
20	Зюганов Геннадий Андреевич	11291	255	238	288	268	353	65	208	170	143	76	223	283	286	403	448	460	412	336	225	199	228	339	358	118	132	353	377	348	372	320	191	186	280	295	323	305	271	109	126	102	179	10	284	284	6	17	2	28	9					
		21.35%	18.99%	21.64%	20.63%	18.51%	21.23%	18.57%	15.12%	19.68%	19.12%	16.31%	21.50%	23.01%	18.89%	23.46%	27.23%	28.99%	23.00%	23.08%	22.21%	26.64%	28.08%	24.53%	24.57%	18.50%	21.78%	23.93%	24.77%	21.72%	20.91%	20.53%	11.46%	17.03%	21.39%	23.68%	22.00%	24.28%	14.61%	21.63%	19.81%	13.53%	24.83%	2.67%	26.64%	26.69%	7.41%	20.00%	10.00%	13.59%	6.08%					
21	Медведев Дмитрий Анатольевич	30846	754	617	777	822	915	205	924	509	410	264	587	692	872	988	877	843	1080	857	582	415	450	788	849	360	357	832	837	936	1031	854	1247	701	760	708	859	720	1294	265	371	458	424	210	593	586	56	52	14	148	96					
		58.34%	56.14%	56.09%	55.66%	56.77%	55.02%	58.57%	67.15%	58.91%	54.81%	56.65%	56.61%	56.26%	57.60%	57.51%	53.31%	53.12%	60.30%	58.86%	57.45%	55.56%	55.42%	57.02%	58.27%	56.43%	58.91%	56.41%	54.99%	58.43%	57.95%	54.78%	74.85%	64.19%	58.06%	56.82%	58.51%	57.32%	69.76%	52.58%	58.33%	60.74%	58.81%	56.15%	55.63%	55.08%	69.14%	61.18%	70.00%	71.84%	64.86%					
																																																								
																																																								
																																																								
																																																								
																																																								
																																																								
																																																								
																																																								
																																																								
																																																								
																																																								
																																																								
																																																								
																																																								
																																																								
																																																								
																																																								
																																																								
