Выборы Президента Российской Федерации																																																																																																			
Дата голосования: 04.03.2012																																																																																																			
																																																																																																			
Наименование Избирательной комиссии:    Нижневартовская городская																																																																																																			
																																																																																																			
Сводная таблица итогов голосования																																																																																																			
																																																																																																			
	Число участковых избирательных комиссий	88																																																																																																	
	Число участковых избирательных комиссий, приступивших к передаче сведений	88																																																																																																	
																																																																																																			
		Сумма	УИК №570	УИК №571	УИК №572	УИК №573	УИК №574	УИК №575	УИК №576	УИК №577	УИК №578	УИК №579	УИК №580	УИК №581	УИК №582	УИК №583	УИК №584	УИК №585	УИК №586	УИК №587	УИК №588	УИК №589	УИК №590	УИК №591	УИК №592	УИК №593	УИК №594	УИК №595	УИК №596	УИК №597	УИК №598	УИК №599	УИК №600	УИК №601	УИК №602	УИК №603	УИК №604	УИК №605	УИК №606	УИК №607	УИК №608	УИК №609	УИК №610	УИК №611	УИК №612	УИК №613	УИК №614	УИК №615	УИК №616	УИК №617	УИК №618	УИК №619	УИК №620	УИК №621	УИК №622	УИК №623	УИК №624	УИК №625	УИК №626	УИК №627	УИК №628	УИК №629	УИК №630	УИК №631	УИК №632	УИК №633	УИК №634	УИК №635	УИК №636	УИК №637	УИК №638	УИК №639	УИК №640	УИК №641	УИК №642	УИК №643	УИК №644	УИК №645	УИК №646	УИК №647	УИК №648	УИК №649	УИК №650	УИК №651	УИК №652	УИК №653	УИК №654	УИК №655	УИК №656	УИК №657									
1	Число избирателей, включенных в список избирателей	175277	2568	2788	2557	1760	1712	2247	1840	1745	1915	2267	2001	1618	2192	2125	1958	1820	2486	1916	1914	1946	2394	1864	2005	1697	2137	2080	2140	2653	2463	2222	1972	1653	2154	2677	2380	2245	2511	2615	2815	2242	2630	2598	2665	2547	2597	2594	2406	1808	2130	2442	2257	2125	1713	1856	1915	2579	2725	2627	1347	2551	1912	2034	2370	2560	2580	2397	2360	1986	2552	529	1974	2094	1715	1597	1168	1607	1278	1071	1643	2096	2070	196	410	294	1345	578	241	214									
2	Число избирательных бюллетеней, полученных участковой избирательной комиссией	170400	2500	2700	2500	1800	1650	2100	1800	1600	1800	2200	2000	1500	2100	2100	1900	1700	2400	1900	1900	1900	2300	1700	1900	1600	2000	2100	2100	2700	2400	2100	1850	1200	2100	2700	2400	2200	2500	2600	2800	2250	2600	2550	2600	2500	2500	2600	2300	1800	2000	2400	2250	2100	1700	1800	1900	2500	2700	2200	1250	2600	1800	1950	2150	2600	2500	2200	2400	1950	2500	500	1950	2300	1650	1500	1050	1650	1250	950	1700	2150	2000	200	350	200	1250	500	300	500									
3	Число избирательных бюллетеней, выданных избирателям, проголосовавшим досрочно	0	0	0	0	0	0	0	0	0	0	0	0	0	0	0	0	0	0	0	0	0	0	0	0	0	0	0	0	0	0	0	0	0	0	0	0	0	0	0	0	0	0	0	0	0	0	0	0	0	0	0	0	0	0	0	0	0	0	0	0	0	0	0	0	0	0	0	0	0	0	0	0	0	0	0	0	0	0	0	0	0	0	0	0	0	0	0	0	0									
4	Число избирательных бюллетеней, выданных в помещении для голосования в день голосования	103640	1511	1609	1491	970	982	1304	1035	989	1064	1149	1092	1014	1263	1277	1167	1077	1528	1156	1151	1149	1407	1096	1112	932	1127	1347	1223	1507	1408	1261	1115	1104	1257	1603	1494	1349	1633	1576	1752	1659	1644	1639	1652	1612	1524	1546	1433	1089	1234	1364	1288	1180	1027	1303	1076	1441	1601	1391	911	1557	1002	1200	1348	1560	1476	1378	1430	1179	1582	333	1216	1398	1156	825	569	860	631	554	990	1382	1243	119	190	165	756	289	143	214									
5	Число избирательных бюллетеней, выданных вне помещения для голосования в день голосования	1647	20	14	3	152	5	17	14	9	16	8	10	8	15	10	19	8	15	17	14	12	10	35	9	6	15	3	11	12	15	21	21	5	17	6	21	14	4	18	9	9	38	23	6	11	15	15	12	7	66	27	8	13	12	13	15	14	20	5	6	22	12	10	116	19	17	24	188	19	24	0	17	11	8	4	5	5	4	7	17	24	23	0	25	0	0	1	72	0									
6	Число погашенных избирательных бюллетеней	65113	969	1077	1006	678	663	779	751	602	720	1043	898	478	822	813	714	615	857	727	735	739	883	569	779	662	858	750	866	1181	977	818	714	91	826	1091	885	837	863	1006	1039	582	918	888	942	877	961	1039	855	704	700	1009	954	907	661	484	809	1045	1079	804	333	1021	786	740	686	1021	1007	798	782	752	894	167	717	891	486	671	476	785	615	389	693	744	734	81	135	35	494	210	85	286									
7	Число избирательных бюллетеней в переносных ящиках для голосования	1646	20	14	3	152	5	17	14	9	16	8	10	8	15	10	19	8	15	17	14	12	10	35	9	6	15	3	11	12	15	21	21	5	17	6	21	14	4	18	9	9	38	23	6	11	15	15	12	7	66	27	8	13	12	13	15	14	20	5	6	22	12	10	116	19	17	24	187	19	24	0	17	11	8	4	5	5	4	7	17	24	23	0	25	0	0	1	72	0									
8	Число бюллетеней в стационарных ящиках для голосования	103590	1510	1609	1491	970	980	1303	1034	988	1064	1149	1091	1014	1258	1277	1167	1077	1527	1156	1151	1149	1406	1096	1112	931	1127	1347	1222	1507	1408	1260	1094	1103	1257	1603	1494	1349	1629	1575	1752	1659	1644	1639	1652	1612	1524	1546	1433	1089	1234	1362	1288	1180	1027	1303	1076	1441	1601	1391	911	1557	1002	1200	1348	1560	1476	1378	1429	1179	1582	333	1216	1395	1156	825	569	860	631	554	990	1382	1243	119	190	165	756	289	143	214									
9	Число недействительных избирательных бюллетеней	1484	17	29	10	14	11	19	25	23	11	21	9	12	10	15	15	12	25	18	22	16	17	18	22	8	20	13	18	27	27	13	17	13	22	14	25	18	23	24	23	25	11	26	18	18	20	32	15	14	19	23	17	22	25	21	14	21	12	17	7	24	15	17	21	24	21	15	17	12	17	6	17	19	14	21	9	15	5	16	14	29	25	1	2	2	18	2	1	12									
10	Число действительных избирательных бюллетеней	103752	1513	1594	1484	1108	974	1301	1023	974	1069	1136	1092	1010	1263	1272	1171	1073	1517	1155	1143	1145	1399	1113	1099	929	1122	1337	1215	1492	1396	1268	1098	1095	1252	1595	1490	1345	1610	1569	1738	1643	1671	1636	1640	1605	1519	1529	1430	1082	1281	1366	1279	1171	1014	1295	1077	1434	1609	1379	910	1555	999	1193	1443	1555	1472	1387	1599	1186	1589	327	1216	1387	1150	808	565	850	630	545	993	1377	1241	118	213	163	738	288	214	202									
11	Число полученных открепительных  удостоверений	2222	30	30	30	20	20	37	27	20	27	30	20	20	32	37	27	20	33	29	20	20	20	20	23	27	20	30	30	34	27	30	24	26	23	41	20	32	30	30	40	30	20	54	30	20	38	38	27	20	27	20	20	20	20	27	27	28	26	21	20	30	20	20	30	37	37	35	35	20	30	17	27	25	30	20	20	20	20	20	20	30	20	10	10	10	20	10	10	0									
12	Число открепительных удостоверений, выданных избирателям на избирательном участке	1955	29	30	30	20	18	36	26	13	25	30	19	17	30	34	23	19	32	22	15	11	20	20	23	19	19	25	20	33	27	30	23	24	22	32	20	32	30	28	40	30	19	47	27	20	35	35	26	15	25	20	15	18	20	23	21	27	24	20	17	30	13	20	28	33	34	34	35	20	30	11	25	25	29	15	13	15	7	3	11	30	18	1	0	1	11	3	10	0									
13	Число избирателей, проголосовавших по открепительным удостоверениям	2239	24	32	42	25	7	33	21	0	21	26	17	15	30	35	17	11	22	18	16	15	29	24	15	14	24	49	18	26	30	24	177	269	36	19	13	18	39	18	9	32	27	23	23	17	22	27	18	16	0	27	25	22	11	15	15	17	19	18	23	21	15	15	17	32	40	15	17	6	16	9	26	17	23	28	16	9	11	71	17	23	10	8	4	52	16	11	11	8									
14	Число неиспользованных открепительных удостоверений	267	1	0	0	0	2	1	1	7	2	0	1	3	2	3	4	1	1	7	5	9	0	0	0	8	1	5	10	1	0	0	1	2	1	9	0	0	0	2	0	0	1	7	3	0	3	3	1	5	2	0	5	2	0	4	6	1	2	1	3	0	7	0	2	4	3	1	0	0	0	6	2	0	1	5	7	5	13	17	9	0	2	9	10	9	9	7	0	0									
15	Число открепительных удостоверений, выданных избирателям ТИК	1471	29	14	30	14	18	11	17	16	19	9	18	9	19	30	12	19	18	14	12	15	26	10	24	12	17	28	23	24	41	25	15	13	15	16	21	18	18	24	19	20	34	17	26	15	24	28	29	8	17	28	14	15	9	13	20	22	13	27	24	13	12	15	10	31	42	25	21	12	16	2	12	12	13	11	10	7	3	3	13	23	14	0	2	2	8	1	3	0									
16	Число утраченных открепительных удостоверений	0	0	0	0	0	0	0	0	0	0	0	0	0	0	0	0	0	0	0	0	0	0	0	0	0	0	0	0	0	0	0	0	0	0	0	0	0	0	0	0	0	0	0	0	0	0	0	0	0	0	0	0	0	0	0	0	0	0	0	0	0	0	0	0	0	0	0	0	0	0	0	0	0	0	0	0	0	0	0	0	0	0	0	0	0	0	0	0	0									
17	Число утраченных избирательных бюллетеней	0	0	0	0	0	0	0	0	0	0	0	0	0	0	0	0	0	0	0	0	0	0	0	0	0	0	0	0	0	0	0	0	0	0	0	0	0	0	0	0	0	0	0	0	0	0	0	0	0	0	0	0	0	0	0	0	0	0	0	0	0	0	0	0	0	0	0	0	0	0	0	0	0	0	0	0	0	0	0	0	0	0	0	0	0	0	0	0	0									
18	Число избирательных бюллетеней, не учтенных при получении	0	0	0	0	0	0	0	0	0	0	0	0	0	0	0	0	0	0	0	0	0	0	0	0	0	0	0	0	0	0	0	0	0	0	0	0	0	0	0	0	0	0	0	0	0	0	0	0	0	0	0	0	0	0	0	0	0	0	0	0	0	0	0	0	0	0	0	0	0	0	0	0	0	0	0	0	0	0	0	0	0	0	0	0	0	0	0	0	0									
																																																																																																			
19	Жириновский Владимир Вольфович	8586	109	130	131	94	82	93	80	85	100	105	105	74	94	116	92	105	122	101	90	93	87	120	85	93	105	103	67	143	95	88	93	70	108	149	101	60	166	108	165	136	140	116	120	123	140	143	99	82	98	120	83	142	73	84	67	118	163	122	82	115	91	98	126	102	104	101	119	94	131	16	104	108	68	61	69	92	79	55	84	131	108	10	26	18	97	27	24	70									
		8.16%	7.12%	8.01%	8.77%	8.38%	8.32%	7.05%	7.63%	8.53%	9.26%	9.08%	9.54%	7.24%	7.38%	9.01%	7.76%	9.68%	7.91%	8.61%	7.73%	8.01%	6.14%	10.61%	7.58%	9.93%	9.19%	7.63%	5.43%	9.41%	6.68%	6.87%	8.34%	6.32%	8.48%	9.26%	6.67%	4.40%	10.17%	6.78%	9.37%	8.15%	8.32%	6.98%	7.24%	7.58%	9.10%	9.16%	6.85%	7.48%	7.54%	8.64%	6.40%	11.90%	7.03%	6.38%	6.14%	8.11%	10.06%	8.74%	8.94%	7.28%	8.97%	8.10%	8.61%	6.46%	6.97%	7.20%	7.36%	7.85%	8.16%	4.80%	8.43%	7.68%	5.84%	7.36%	12.02%	10.64%	12.44%	9.80%	8.34%	9.32%	8.53%	8.40%	12.09%	10.91%	12.83%	9.31%	11.16%	32.71%									
20	Зюганов Геннадий Андреевич	15216	242	242	239	151	130	179	168	139	166	187	178	149	185	173	166	144	225	160	133	122	218	151	161	125	151	220	183	215	202	198	143	129	201	260	241	125	243	273	283	202	272	259	267	240	202	213	225	179	191	202	217	212	143	178	154	262	223	151	118	219	157	173	221	216	232	192	199	170	233	50	171	216	168	112	104	128	95	76	154	180	159	29	27	32	127	33	19	14									
		14.46%	15.82%	14.91%	15.99%	13.46%	13.20%	13.56%	16.03%	13.94%	15.37%	16.16%	16.17%	14.58%	14.53%	13.44%	13.99%	13.27%	14.59%	13.64%	11.42%	10.51%	15.40%	13.35%	14.36%	13.34%	13.22%	16.30%	14.84%	14.15%	14.20%	15.46%	12.83%	11.64%	15.78%	16.16%	15.91%	9.17%	14.88%	17.14%	16.07%	12.11%	16.17%	15.58%	16.10%	14.79%	13.13%	13.65%	15.57%	16.33%	14.69%	14.54%	16.74%	17.77%	13.76%	13.53%	14.12%	18.01%	13.76%	10.82%	12.87%	13.87%	15.48%	14.30%	15.10%	13.68%	15.54%	13.69%	12.31%	14.19%	14.51%	15.02%	13.87%	15.36%	14.43%	13.51%	18.12%	14.80%	14.96%	13.55%	15.29%	12.80%	12.56%	24.37%	12.56%	19.39%	16.80%	11.38%	8.84%	6.54%									
21	Миронов Сергей Михайлович	3882	57	56	43	39	26	33	23	29	37	27	31	48	31	44	41	58	83	45	56	34	58	45	38	25	45	61	53	57	49	50	22	48	48	51	76	58	61	51	80	61	65	70	58	71	78	62	56	45	49	58	50	47	33	48	54	45	50	44	27	79	44	56	56	69	64	60	53	42	62	13	42	52	47	32	20	22	11	25	25	34	41	2	4	2	20	5	8	4									
		3.69%	3.73%	3.45%	2.88%	3.48%	2.64%	2.50%	2.19%	2.91%	3.43%	2.33%	2.82%	4.70%	2.44%	3.42%	3.46%	5.35%	5.38%	3.84%	4.81%	2.93%	4.10%	3.98%	3.39%	2.67%	3.94%	4.52%	4.30%	3.75%	3.44%	3.90%	1.97%	4.33%	3.77%	3.17%	5.02%	4.26%	3.74%	3.20%	4.54%	3.66%	3.86%	4.21%	3.50%	4.37%	5.07%	3.97%	3.88%	4.11%	3.77%	4.18%	3.86%	3.94%	3.18%	3.65%	4.95%	3.09%	3.08%	3.15%	2.94%	5.00%	4.34%	4.63%	3.83%	4.37%	4.29%	4.28%	3.28%	3.51%	3.86%	3.90%	3.41%	3.70%	4.04%	3.86%	3.48%	2.54%	1.73%	4.46%	2.48%	2.42%	3.24%	1.68%	1.86%	1.21%	2.65%	1.72%	3.72%	1.87%									
22	Прохоров Михаил Дмитриевич	8362	156	153	103	83	98	101	81	72	70	62	90	101	121	120	114	100	107	105	83	79	106	106	99	75	92	105	107	95	162	122	91	139	129	153	125	80	125	113	131	124	141	157	132	144	116	129	106	88	105	108	110	74	85	90	98	117	122	134	89	124	70	94	110	150	112	119	137	112	112	37	99	119	79	52	22	59	17	20	50	63	69	8	4	10	27	24	13	27									
		7.95%	10.20%	9.43%	6.89%	7.40%	9.95%	7.65%	7.73%	7.22%	6.48%	5.36%	8.17%	9.88%	9.51%	9.32%	9.61%	9.22%	6.94%	8.95%	7.12%	6.80%	7.49%	9.37%	8.83%	8.00%	8.06%	7.78%	8.68%	6.25%	11.38%	9.52%	8.16%	12.55%	10.13%	9.51%	8.25%	5.87%	7.65%	7.09%	7.44%	7.43%	8.38%	9.45%	7.96%	8.87%	7.54%	8.26%	7.34%	8.03%	8.08%	7.78%	8.49%	6.20%	8.18%	6.84%	8.98%	8.04%	7.53%	9.60%	9.71%	7.85%	6.90%	7.77%	7.51%	9.50%	7.50%	8.49%	8.48%	9.35%	6.97%	11.11%	8.03%	8.46%	6.79%	6.27%	3.83%	6.82%	2.68%	3.57%	4.97%	4.48%	5.45%	6.72%	1.86%	6.06%	3.57%	8.28%	6.05%	12.62%									
23	Путин Владимир Владимирович	67706	949	1013	968	741	638	895	671	649	696	755	688	638	832	819	758	666	980	744	781	817	930	691	716	611	729	848	805	982	888	810	749	709	766	982	947	1022	1015	1024	1079	1120	1053	1034	1063	1027	983	982	944	688	838	878	819	696	680	895	704	892	1051	928	594	1018	637	772	930	1018	960	915	1091	768	1051	211	800	892	788	551	350	549	428	369	680	969	864	69	152	101	467	199	150	87									
		64.34%	62.03%	62.42%	64.79%	66.04%	64.77%	67.80%	64.03%	65.10%	64.44%	65.25%	62.49%	62.43%	65.36%	63.64%	63.91%	61.38%	63.55%	63.43%	67.04%	70.37%	65.68%	61.10%	63.87%	65.21%	63.84%	62.81%	65.29%	64.65%	62.40%	63.23%	67.17%	63.99%	60.13%	61.03%	62.51%	74.98%	62.16%	64.28%	61.27%	67.15%	62.60%	62.21%	64.11%	63.28%	63.87%	62.91%	65.33%	62.77%	64.46%	63.21%	63.19%	58.34%	65.45%	68.01%	64.53%	61.31%	64.84%	66.48%	64.78%	64.47%	62.82%	63.80%	63.52%	64.47%	64.30%	65.26%	67.51%	64.11%	65.44%	63.36%	64.88%	63.44%	67.70%	66.47%	60.98%	63.47%	67.40%	65.78%	67.53%	68.92%	68.25%	57.98%	70.70%	61.21%	61.77%	68.62%	69.77%	40.65%									
																																																																																																			
																																																																																																			
																																																																																																			
																																																																																																			
																																																																																																			
																																																																																																			
																																																																																																			
																																																																																																			
																																																																																																			
																																																																																																			
																																																																																																			
																																																																																																			
																																																																																																			
																																																																																																			
																																																																																																			
																																																																																																			
																																																																																																			
																																																																																																			
																																																																																																			
																																																																																																			
																																																																																																			
																																																																																																			
																																																																																																			
																																																																																																			
																																																																																																			
																																																																																																			
																																																																																																			
