Выборы Президента Российской Федерации																																																																																									
Дата голосования: 02.03.2008																																																																																									
																																																																																									
Наименование Избирательной комиссии:    Сыктывкарская																																																																																									
																																																																																									
Сводная таблица результатов выборов																																																																																									
																																																																																									
	Число участковых избирательных комиссий	82																																																																																							
	"Число участковых избирательных комиссий, приступивших к передаче сведений"	82																																																																																							
																																																																																									
		Сумма	УИК №384	УИК №385	УИК №386	УИК №387	УИК №388	УИК №389	УИК №390	УИК №391	УИК №392	УИК №393	УИК №394	УИК №395	УИК №396	УИК №397	УИК №398	УИК №399	УИК №400	УИК №401	УИК №402	УИК №403	УИК №404	УИК №405	УИК №406	УИК №407	УИК №408	УИК №409	УИК №410	УИК №411	УИК №412	УИК №413	УИК №414	УИК №415	УИК №416	УИК №417	УИК №418	УИК №419	УИК №420	УИК №421	УИК №422	УИК №423	УИК №424	УИК №425	УИК №426	УИК №427	УИК №428	УИК №429	УИК №430	УИК №431	УИК №432	УИК №433	УИК №434	УИК №435	УИК №436	УИК №437	УИК №438	УИК №439	УИК №440	УИК №441	УИК №442	УИК №443	УИК №444	УИК №445	УИК №446	УИК №447	УИК №448	УИК №449	УИК №450	УИК №451	УИК №452	УИК №453	УИК №454	УИК №455	УИК №456	УИК №457	УИК №458	УИК №459	УИК №460	УИК №461	УИК №462	УИК №463	УИК №464	УИК №696					
1	"Число избирателей, включенных в списки избирателей"	150537	107	1247	1650	535	1684	338	1332	1877	1700	1503	1291	1551	1447	1887	2458	1561	1794	716	2513	2459	2130	1794	2661	635	532	3095	2126	2278	2068	2208	2315	2760	2068	1769	1752	2014	2604	2614	1494	2254	1295	1758	1883	1796	2050	1488	1376	1438	1257	2611	1815	1689	1570	1562	1874	1910	2149	2550	2297	2777	2566	2354	1581	1941	1940	2711	1561	1101	1334	1792	1962	2325	2390	2057	1956	1510	2735	2503	2401	1929	1754	168					
2	"Число избирательных бюллетеней, полученных участковыми избирательными комиссиями"	123550	100	1150	1500	500	1300	300	1050	1750	1550	1200	900	1200	1100	1450	1850	1250	1300	550	2000	2050	1650	1400	2300	700	600	2250	1700	2050	1650	1700	1850	2350	1800	1550	1450	1600	2150	2200	1150	1900	1050	1400	1450	1850	1800	1200	1350	1150	1000	2300	1700	1350	1200	1250	1550	1550	1650	2000	1800	2000	2000	1900	1250	1500	1500	2400	1150	850	1200	1450	1650	1900	2000	1700	1700	1500	2100	2000	2000	1550	1400	200					
3	"Число избирательных бюллетеней, выданных избирателям, проголосовавшим досрочно"	0	0	0	0	0	0	0	0	0	0	0	0	0	0	0	0	0	0	0	0	0	0	0	0	0	0	0	0	0	0	0	0	0	0	0	0	0	0	0	0	0	0	0	0	0	0	0	0	0	0	0	0	0	0	0	0	0	0	0	0	0	0	0	0	0	0	0	0	0	0	0	0	0	0	0	0	0	0	0	0	0	0	0					
4	"Число избирательных бюллетеней, выданных в помещениях для голосования в день голосования"	104837	86	984	1245	389	1055	269	909	1456	1227	1078	779	1028	922	1092	1541	949	1076	338	1744	1900	1452	1303	1747	363	252	1941	1578	1588	1448	1467	1499	2024	1688	1448	1261	1427	1974	1996	1050	1695	886	1164	1097	1784	1642	966	1013	1008	849	1963	1275	1180	974	924	1405	1484	1413	1732	1663	1874	1754	1687	1119	1197	1303	1949	961	723	884	1312	1443	1705	1783	1558	1560	1113	1738	1833	1355	1340	855	101					
5	"Число избирательных бюллетеней, выданных вне помещений для голосования в день голосования"	3705	1	21	45	6	52	4	15	24	26	32	10	29	20	36	96	31	59	12	43	20	20	24	28	176	280	86	24	34	10	19	18	13	34	41	40	42	45	69	22	11	13	28	18	12	35	34	32	31	27	13	54	30	20	33	25	31	33	97	64	57	34	35	16	23	26	34	21	25	21	20	40	25	30	25	49	17	179	24	474	17	198	67					
6	Число погашенных избирательных бюллетеней	15008	13	145	210	105	193	27	126	270	297	90	111	143	158	322	213	270	165	200	213	130	178	73	525	161	68	223	98	428	192	214	333	313	78	61	149	131	131	135	78	194	151	208	335	54	123	200	305	111	124	324	371	140	206	293	120	35	204	171	73	69	212	178	115	280	171	417	168	102	295	118	167	170	187	117	91	370	183	143	171	193	347	32					
7	Число избирательных бюллетеней в переносных ящиках для голосования	3705	1	21	45	6	52	4	15	24	26	32	10	29	20	36	96	31	59	12	43	20	20	24	28	176	280	86	24	34	10	19	18	13	34	41	40	42	45	69	22	11	13	28	18	12	35	34	32	31	27	13	54	30	20	33	25	31	33	97	64	57	34	35	16	23	26	34	21	25	21	20	40	25	30	25	49	17	179	24	474	17	198	67					
8	Число бюллетеней в стационарных ящиках для голосования	104701	86	984	1245	389	1055	269	908	1454	1225	1075	779	1028	919	1090	1538	948	1073	338	1741	1900	1452	1298	1744	362	252	1941	1578	1588	1448	1465	1497	2022	1688	1448	1256	1425	1970	1996	1050	1692	886	1161	1094	1782	1642	965	1009	1008	848	1942	1271	1179	974	924	1404	1481	1411	1729	1662	1868	1753	1686	1118	1197	1299	1945	961	723	881	1312	1443	1705	1783	1558	1560	1111	1731	1831	1355	1338	854	101					
9	Число недействительных избирательных бюллетеней	1709	1	12	19	6	16	5	17	14	21	33	8	16	10	17	24	14	20	6	31	42	24	29	38	5	5	29	15	28	27	11	30	36	5	34	16	20	49	29	14	18	12	17	17	15	22	17	12	9	15	33	22	15	11	10	24	23	20	31	34	26	40	43	21	27	32	32	9	8	24	25	27	19	33	21	31	16	25	30	30	23	14	0					
10	Число действительных избирательных бюллетеней	106697	86	993	1271	389	1091	268	906	1464	1230	1074	781	1041	929	1109	1610	965	1112	344	1753	1878	1448	1293	1734	533	527	1998	1587	1594	1431	1473	1485	1999	1717	1455	1280	1447	1966	2036	1058	1685	887	1172	1095	1779	1655	982	1029	1030	860	1922	1303	1194	983	947	1405	1489	1424	1795	1692	1899	1747	1678	1113	1193	1293	1947	973	740	878	1307	1456	1711	1780	1562	1578	1112	1885	1825	1799	1332	1038	168					
11	Число полученных открепительных  удостоверений	3184	5	23	30	2	30	4	15	27	30	20	30	10	30	20	50	38	30	20	65	50	30	30	57	0	0	60	55	65	53	15	20	67	50	56	50	50	65	60	24	57	50	50	30	50	60	30	50	50	30	50	50	40	30	20	55	45	30	30	65	30	25	60	50	50	34	45	30	30	30	53	53	50	60	50	60	56	80	30	40	30	30	0					
12	"Число открепительных удостоверений, выданных избирателям на избирательных участках"	2753	3	23	30	0	30	2	9	27	30	20	9	6	10	17	43	37	15	11	61	50	11	19	57	0	0	60	55	60	52	14	14	67	50	56	49	38	60	58	24	52	33	37	18	50	55	25	49	42	10	48	46	37	10	20	51	43	10	21	61	22	24	52	42	45	28	45	4	12	8	53	53	50	60	46	60	55	80	30	34	30	25	0					
13	"Число избирателей, проголосовавших по открепительным удостоверениям"	3157	6	12	27	11	9	4	14	34	17	23	13	33	25	13	40	17	26	7	46	83	40	24	41	83	44	65	60	29	33	63	39	60	67	49	46	24	56	111	39	128	45	60	56	80	72	22	40	43	26	169	40	27	35	14	19	48	16	56	54	75	45	35	28	15	10	38	17	15	14	34	29	14	31	37	58	20	29	27	34	46	0	23					
14	Число неиспользованных открепительных удостоверений	431	2	0	0	2	0	2	6	0	0	0	21	4	20	3	7	1	15	9	4	0	19	11	0	0	0	0	0	5	1	1	6	0	0	0	1	12	5	2	0	5	17	13	12	0	5	5	1	8	20	2	4	3	20	0	4	2	20	9	4	8	1	8	8	5	6	0	26	18	22	0	0	0	0	4	0	1	0	0	6	0	5	0					
15	"Число открепительных удостоверений, выданных избирателям ТИК"	60	0	0	0	0	2	0	0	0	1	0	1	0	1	0	0	0	1	2	2	2	1	0	1	0	0	2	1	1	1	1	1	5	3	0	1	0	0	1	0	0	0	0	0	0	1	0	0	0	0	0	0	0	1	2	0	0	3	1	4	0	0	0	2	1	0	2	1	1	1	0	1	1	2	0	0	0	1	2	1	1	0	0					
16	Число утраченных избирательных бюллетеней	0	0	0	0	0	0	0	0	0	0	0	0	0	0	0	0	0	0	0	0	0	0	0	0	0	0	0	0	0	0	0	0	0	0	0	0	0	0	0	0	0	0	0	0	0	0	0	0	0	0	0	0	0	0	0	0	0	0	0	0	0	0	0	0	0	0	0	0	0	0	0	0	0	0	0	0	0	0	0	0	0	0	0					
17	"Число избирательных бюллетеней, не учтенных при получении"	0	0	0	0	0	0	0	0	0	0	0	0	0	0	0	0	0	0	0	0	0	0	0	0	0	0	0	0	0	0	0	0	0	0	0	0	0	0	0	0	0	0	0	0	0	0	0	0	0	0	0	0	0	0	0	0	0	0	0	0	0	0	0	0	0	0	0	0	0	0	0	0	0	0	0	0	0	0	0	0	0	0	0					
17а	Число утраченных открепительных удостоверений	0	0	0	0	0	0	0	0	0	0	0	0	0	0	0	0	0	0	0	0	0	0	0	0	0	0	0	0	0	0	0	0	0	0	0	0	0	0	0	0	0	0	0	0	0	0	0	0	0	0	0	0	0	0	0	0	0	0	0	0	0	0	0	0	0	0	0	0	0	0	0	0	0	0	0	0	0	0	0	0	0	0	0					
17б	"Число открепительных удостоверений, не учтенных при получении"	0	0	0	0	0	0	0	0	0	0	0	0	0	0	0	0	0	0	0	0	0	0	0	0	0	0	0	0	0	0	0	0	0	0	0	0	0	0	0	0	0	0	0	0	0	0	0	0	0	0	0	0	0	0	0	0	0	0	0	0	0	0	0	0	0	0	0	0	0	0	0	0	0	0	0	0	0	0	0	0	0	0	0					
"Число голосов избирателей, поданных за каждый список"																																																																																									
18	Богданов Андрей Владимирович	1599	1	12	8	11	14	3	23	6	19	22	13	2	12	16	1	18	3	3	50	33	32	30	6	9	8	41	32	38	10	28	31	10	26	28	3	34	46	27	5	5	16	3	19	24	35	3	15	23	14	36	32	17	4	19	30	1	31	32	4	38	53	39	18	37	32	47	17	15	12	5	30	24	40	12	20	13	8	35	7	1	16	3					
		1.48%	1.15%	1.19%	0.62%	2.78%	1.26%	1.10%	2.49%	0.41%	1.52%	1.99%	1.65%	0.19%	1.28%	1.42%	0.06%	1.84%	0.27%	0.86%	2.80%	1.72%	2.17%	2.27%	0.34%	1.67%	1.50%	2.02%	1.99%	2.34%	0.69%	1.89%	2.05%	0.49%	1.51%	1.88%	0.23%	2.32%	2.28%	1.31%	0.47%	0.29%	1.78%	0.25%	1.71%	1.34%	2.09%	0.30%	1.44%	2.21%	1.60%	1.84%	2.42%	1.41%	0.40%	1.99%	2.10%	0.07%	2.15%	1.75%	0.23%	1.97%	2.97%	2.27%	1.59%	3.03%	2.42%	2.37%	1.73%	2.01%	1.33%	0.38%	2.02%	1.39%	2.21%	0.76%	1.24%	1.15%	0.42%	1.89%	0.38%	0.07%	1.52%	1.79%					
19	Жириновский Владимир Вольфович	8731	13	97	119	41	124	43	20	33	120	43	80	52	125	133	109	24	46	45	179	204	158	122	110	65	76	247	92	182	23	139	157	14	108	54	25	153	169	324	25	31	4	48	148	167	179	5	104	124	114	190	159	128	41	62	148	59	175	209	107	183	188	177	152	143	156	208	111	86	105	46	28	163	81	113	106	20	30	213	89	82	135	21					
		8.05%	14.94%	9.65%	9.22%	10.38%	11.20%	15.75%	2.17%	2.23%	9.59%	3.88%	10.14%	4.92%	13.31%	11.81%	6.67%	2.45%	4.06%	12.86%	10.03%	10.63%	10.73%	9.23%	6.21%	12.08%	14.29%	12.19%	5.74%	11.22%	1.58%	9.37%	10.36%	0.69%	6.27%	3.63%	1.93%	10.43%	8.39%	15.69%	2.33%	1.82%	0.44%	4.04%	13.31%	9.31%	10.67%	0.50%	9.99%	11.93%	13.03%	9.72%	12.00%	10.59%	4.12%	6.48%	10.36%	3.90%	12.12%	11.45%	6.20%	9.51%	10.52%	10.28%	13.40%	11.72%	11.77%	10.51%	11.30%	11.50%	11.64%	3.45%	1.89%	9.42%	4.47%	7.14%	6.59%	1.77%	1.57%	11.48%	4.87%	6.05%	12.83%	12.50%					
20	Зюганов Геннадий Андреевич	18656	4	126	147	40	99	23	139	237	181	182	114	154	130	128	205	134	155	51	367	351	298	267	341	80	84	310	264	235	266	277	210	352	231	286	282	313	305	233	177	240	196	227	152	117	301	216	238	218	166	237	307	253	150	162	318	299	293	353	382	415	395	350	184	231	243	402	155	179	163	248	321	344	364	266	311	214	362	298	200	235	145	28					
		17.21%	4.60%	12.54%	11.40%	10.13%	8.94%	8.42%	15.06%	16.04%	14.47%	16.44%	14.45%	14.57%	13.84%	11.37%	12.55%	13.69%	13.69%	14.57%	20.57%	18.28%	20.24%	20.20%	19.24%	14.87%	15.79%	15.29%	16.48%	14.49%	18.24%	18.67%	13.86%	17.30%	13.41%	19.21%	21.76%	21.34%	15.14%	11.28%	16.51%	14.09%	21.80%	19.09%	13.67%	6.52%	17.95%	21.62%	22.86%	20.98%	18.97%	12.12%	23.17%	20.93%	15.09%	16.93%	22.25%	19.78%	20.29%	19.33%	22.13%	21.56%	22.10%	20.34%	16.23%	18.93%	18.34%	20.31%	15.78%	23.93%	18.07%	18.62%	21.65%	19.88%	20.08%	16.80%	19.33%	18.97%	18.95%	16.06%	10.93%	17.34%	13.78%	16.67%					
21	Медведев Дмитрий Анатольевич	77711	68	758	997	297	854	199	724	1188	910	827	574	833	662	832	1295	789	908	245	1157	1290	960	874	1277	379	359	1400	1199	1139	1132	1029	1087	1623	1352	1087	970	947	1446	1452	851	1409	671	894	776	1471	1140	758	672	665	566	1459	805	796	788	704	909	1130	925	1201	1199	1263	1111	1112	759	782	862	1290	690	460	598	1008	1077	1180	1295	1171	1141	865	1485	1279	1503	1014	742	116					
		71.69%	78.16%	75.42%	77.29%	75.19%	77.15%	72.89%	78.44%	80.38%	72.74%	74.71%	72.75%	78.81%	70.50%	73.89%	79.25%	80.59%	80.21%	70.00%	64.85%	67.19%	65.22%	66.11%	72.07%	70.45%	67.48%	69.07%	74.84%	70.22%	77.64%	69.34%	71.75%	79.75%	78.51%	73.00%	74.85%	64.55%	71.76%	70.31%	79.38%	82.74%	74.64%	75.19%	69.78%	81.99%	67.98%	75.88%	64.55%	64.00%	64.69%	74.63%	60.75%	65.84%	79.28%	73.56%	63.61%	74.74%	64.06%	65.77%	69.47%	65.61%	62.17%	64.61%	66.93%	64.10%	65.06%	65.18%	70.26%	61.50%	66.30%	75.68%	72.62%	68.21%	71.43%	73.97%	70.91%	76.68%	77.75%	68.95%	82.18%	74.83%	70.53%	69.05%					
																																																																																									
																																																																																									
																																																																																									
																																																																																									
																																																																																									
																																																																																									
																																																																																									
																																																																																									
																																																																																									
																																																																																									
																																																																																									
																																																																																									
																																																																																									
																																																																																									
																																																																																									
																																																																																									
																																																																																									
																																																																																									
