Выборы Президента Российской Федерации																																																																										
Дата голосования: 04.03.2012																																																																										
																																																																										
Наименование Избирательной комиссии:    Зианчуринская																																																																										
																																																																										
Сводная таблица итогов голосования																																																																										
																																																																										
	Число участковых избирательных комиссий	63																																																																								
	Число участковых избирательных комиссий, приступивших к передаче сведений	63																																																																								
																																																																										
		Сумма	УИК №1901	УИК №1902	УИК №1903	УИК №1904	УИК №1905	УИК №1906	УИК №1907	УИК №1908	УИК №1909	УИК №1910	УИК №1911	УИК №1912	УИК №1913	УИК №1914	УИК №1915	УИК №1916	УИК №1917	УИК №1918	УИК №1919	УИК №1920	УИК №1921	УИК №1922	УИК №1923	УИК №1924	УИК №1925	УИК №1926	УИК №1927	УИК №1928	УИК №1929	УИК №1930	УИК №1931	УИК №1932	УИК №1933	УИК №1934	УИК №1935	УИК №1936	УИК №1937	УИК №1938	УИК №1939	УИК №1940	УИК №1941	УИК №1942	УИК №1943	УИК №1944	УИК №1945	УИК №1946	УИК №1947	УИК №1948	УИК №1949	УИК №1950	УИК №1951	УИК №1952	УИК №1953	УИК №1954	УИК №1955	УИК №1956	УИК №1957	УИК №1958	УИК №1959	УИК №1960	УИК №1961	УИК №1962	УИК №1963									
1	Число избирателей, включенных в список избирателей	21890	818	124	112	324	305	126	262	70	234	355	83	74	170	230	159	346	365	191	182	197	213	154	1270	1809	671	184	1922	112	515	1006	244	482	107	53	356	170	111	485	676	515	140	577	211	521	177	70	690	90	124	80	143	922	93	69	372	427	40	144	446	222	319	84	147									
2	Число избирательных бюллетеней, полученных участковой избирательной комиссией	23069	878	130	122	344	322	132	278	71	247	374	83	75	176	231	166	362	373	196	193	203	224	158	1256	1877	696	192	1986	114	534	1058	247	506	108	56	390	180	120	504	796	535	145	668	212	513	185	74	772	91	128	83	152	1046	96	73	397	458	40	164	479	228	335	86	151									
3	Число избирательных бюллетеней, выданных избирателям, проголосовавшим досрочно	0	0	0	0	0	0	0	0	0	0	0	0	0	0	0	0	0	0	0	0	0	0	0	0	0	0	0	0	0	0	0	0	0	0	0	0	0	0	0	0	0	0	0	0	0	0	0	0	0	0	0	0	0	0	0	0	0	0	0	0	0	0	0	0									
4	Число избирательных бюллетеней, выданных в помещении для голосования в день голосования	17171	737	101	109	294	257	100	204	69	135	251	59	52	127	192	140	317	334	165	151	156	175	143	898	1396	446	158	1632	95	392	910	214	353	50	53	236	159	81	413	414	455	118	403	197	384	135	51	535	71	118	75	123	570	82	59	259	291	18	115	344	185	226	71	118									
5	Число избирательных бюллетеней, выданных вне помещения для голосования в день голосования	1647	5	13	0	13	28	14	0	0	5	33	16	4	12	13	0	19	19	23	28	35	30	8	107	37	15	16	75	9	27	40	20	50	9	0	20	11	10	58	150	33	10	120	8	34	5	3	80	13	5	0	10	171	0	9	20	25	7	13	34	11	48	9	7									
6	Число погашенных избирательных бюллетеней	4251	136	16	13	37	37	18	74	2	107	90	8	19	37	26	26	26	20	8	14	12	19	7	251	444	235	18	279	10	115	108	13	103	49	3	134	10	29	33	232	47	17	145	7	95	45	20	157	7	5	8	19	305	14	5	118	142	15	36	101	32	61	6	26									
7	Число избирательных бюллетеней в переносных ящиках для голосования	1647	5	13	0	13	28	14	0	0	5	33	16	4	12	13	0	19	19	23	28	35	30	8	107	37	15	16	75	9	27	40	20	50	9	0	20	11	10	58	150	33	10	120	8	34	5	3	80	13	5	0	10	171	0	9	20	25	7	13	34	11	48	9	7									
8	Число бюллетеней в стационарных ящиках для голосования	17171	737	101	109	294	257	100	204	69	135	251	59	52	127	192	140	317	334	165	151	156	175	143	898	1396	446	158	1632	95	392	910	214	353	50	53	236	159	81	413	414	455	118	403	197	384	135	51	535	71	118	75	123	570	82	59	259	291	18	115	344	185	226	71	118									
9	Число недействительных избирательных бюллетеней	121	0	1	0	2	0	0	0	0	1	1	0	0	1	0	1	0	0	0	0	0	0	0	8	13	0	0	19	1	4	11	0	4	0	0	4	1	1	0	4	0	1	4	1	3	0	0	14	3	0	0	0	6	8	0	1	0	0	0	3	0	0	0	0									
10	Число действительных избирательных бюллетеней	18697	742	113	109	305	285	114	204	69	139	283	75	56	138	205	139	336	353	188	179	191	205	151	997	1420	461	174	1688	103	415	939	234	399	59	53	252	169	90	471	560	488	127	519	204	415	140	54	601	81	123	75	133	735	74	68	278	316	25	128	375	196	274	80	125									
11	Число полученных открепительных  удостоверений	386	10	5	3	9	4	2	5	1	3	7	3	2	2	2	3	6	5	0	4	6	5	2	7	37	12	1	33	3	10	20	5	7	0	2	12	3	3	9	8	10	1	10	2	2	3	3	6	0	3	2	5	28	0	0	10	10	1	6	14	0	5	2	2									
12	Число открепительных удостоверений, выданных избирателям на избирательном участке	353	10	2	2	9	3	2	3	0	3	7	1	0	1	0	2	6	5	0	4	6	5	2	7	37	12	1	33	3	10	19	2	7	0	2	12	3	3	9	8	10	0	8	2	2	3	2	6	0	3	0	5	28	0	0	10	10	0	6	14	0	1	1	1									
13	Число избирателей, проголосовавших по открепительным удостоверениям	143	7	0	1	1	1	2	1	2	0	2	2	1	4	1	0	1	1	2	2	5	3	1	6	10	6	1	6	4	3	5	1	1	2	2	4	1	1	1	2	2	1	7	1	5	0	1	3	2	1	1	1	5	2	1	2	1	1	1	2	1	1	1	4									
14	Число неиспользованных открепительных удостоверений	33	0	3	1	0	1	0	2	1	0	0	2	2	1	2	1	0	0	0	0	0	0	0	0	0	0	0	0	0	0	1	3	0	0	0	0	0	0	0	0	0	1	2	0	0	0	1	0	0	0	2	0	0	0	0	0	0	1	0	0	0	4	1	1									
15	Число открепительных удостоверений, выданных избирателям ТИК	14	0	0	0	0	0	0	0	0	0	0	0	0	0	0	0	0	0	0	0	0	0	0	3	1	0	0	5	0	0	1	0	0	0	0	0	0	0	0	0	0	0	0	0	0	0	0	0	0	0	0	0	0	0	0	0	3	0	0	0	0	0	0	1									
16	Число утраченных открепительных удостоверений	0	0	0	0	0	0	0	0	0	0	0	0	0	0	0	0	0	0	0	0	0	0	0	0	0	0	0	0	0	0	0	0	0	0	0	0	0	0	0	0	0	0	0	0	0	0	0	0	0	0	0	0	0	0	0	0	0	0	0	0	0	0	0	0									
17	Число утраченных избирательных бюллетеней	0	0	0	0	0	0	0	0	0	0	0	0	0	0	0	0	0	0	0	0	0	0	0	0	0	0	0	0	0	0	0	0	0	0	0	0	0	0	0	0	0	0	0	0	0	0	0	0	0	0	0	0	0	0	0	0	0	0	0	0	0	0	0	0									
18	Число избирательных бюллетеней, не учтенных при получении	0	0	0	0	0	0	0	0	0	0	0	0	0	0	0	0	0	0	0	0	0	0	0	0	0	0	0	0	0	0	0	0	0	0	0	0	0	0	0	0	0	0	0	0	0	0	0	0	0	0	0	0	0	0	0	0	0	0	0	0	0	0	0	0									
																																																																										
19	Жириновский Владимир Вольфович	256	13	4	0	0	0	0	4	0	2	2	0	0	1	0	2	2	0	0	1	1	1	0	28	12	6	0	45	0	5	11	3	2	2	0	4	1	2	8	11	3	1	4	0	6	4	0	8	1	1	0	0	28	0	0	3	4	0	3	6	2	6	1	2									
		1.36%	1.75%	3.51%	0.00%	0.00%	0.00%	0.00%	1.96%	0.00%	1.43%	0.70%	0.00%	0.00%	0.72%	0.00%	1.43%	0.60%	0.00%	0.00%	0.56%	0.52%	0.49%	0.00%	2.79%	0.84%	1.30%	0.00%	2.64%	0.00%	1.19%	1.16%	1.28%	0.50%	3.39%	0.00%	1.56%	0.59%	2.20%	1.70%	1.95%	0.61%	0.78%	0.76%	0.00%	1.44%	2.86%	0.00%	1.30%	1.19%	0.81%	0.00%	0.00%	3.78%	0.00%	0.00%	1.08%	1.27%	0.00%	2.34%	1.59%	1.02%	2.19%	1.25%	1.60%									
20	Зюганов Геннадий Андреевич	2257	38	2	6	46	23	9	42	3	41	17	8	4	33	20	9	15	5	1	2	2	1	3	115	235	99	17	329	5	58	65	7	66	12	1	61	9	17	24	70	39	14	71	9	31	16	1	93	14	4	4	8	201	11	6	56	45	5	11	45	23	16	1	13									
		11.99%	5.12%	1.75%	5.50%	14.98%	8.07%	7.89%	20.59%	4.35%	29.29%	5.99%	10.67%	7.14%	23.74%	9.76%	6.43%	4.46%	1.42%	0.53%	1.12%	1.05%	0.49%	1.99%	11.44%	16.40%	21.48%	9.77%	19.27%	4.81%	13.84%	6.84%	2.99%	16.38%	20.34%	1.89%	23.83%	5.29%	18.68%	5.10%	12.41%	7.99%	10.94%	13.58%	4.39%	7.42%	11.43%	1.85%	15.12%	16.67%	3.25%	5.33%	6.02%	27.13%	13.41%	8.82%	20.07%	14.24%	20.00%	8.59%	11.90%	11.73%	5.84%	1.25%	10.40%									
21	Миронов Сергей Михайлович	298	9	0	1	0	0	0	4	2	6	5	2	1	5	3	0	2	0	0	0	0	0	0	18	28	14	2	63	0	7	10	2	7	0	0	6	1	0	2	13	3	1	11	1	9	1	0	19	4	0	0	1	16	0	0	8	0	2	0	5	0	4	0	0									
		1.58%	1.21%	0.00%	0.92%	0.00%	0.00%	0.00%	1.96%	2.90%	4.29%	1.76%	2.67%	1.79%	3.60%	1.46%	0.00%	0.60%	0.00%	0.00%	0.00%	0.00%	0.00%	0.00%	1.79%	1.95%	3.04%	1.15%	3.69%	0.00%	1.67%	1.05%	0.85%	1.74%	0.00%	0.00%	2.34%	0.59%	0.00%	0.42%	2.30%	0.61%	0.78%	2.10%	0.49%	2.15%	0.71%	0.00%	3.09%	4.76%	0.00%	0.00%	0.75%	2.16%	0.00%	0.00%	2.87%	0.00%	8.00%	0.00%	1.32%	0.00%	1.46%	0.00%	0.00%									
22	Прохоров Михаил Дмитриевич	202	0	3	0	0	0	0	1	0	0	1	0	0	1	0	1	1	0	1	0	0	0	0	13	0	3	0	52	2	7	14	2	3	0	1	8	1	0	3	7	1	0	12	0	5	1	0	14	1	0	0	3	13	0	1	5	3	0	5	4	1	7	1	0									
		1.07%	0.00%	2.63%	0.00%	0.00%	0.00%	0.00%	0.49%	0.00%	0.00%	0.35%	0.00%	0.00%	0.72%	0.00%	0.71%	0.30%	0.00%	0.53%	0.00%	0.00%	0.00%	0.00%	1.29%	0.00%	0.65%	0.00%	3.05%	1.92%	1.67%	1.47%	0.85%	0.74%	0.00%	1.89%	3.13%	0.59%	0.00%	0.64%	1.24%	0.20%	0.00%	2.29%	0.00%	1.20%	0.71%	0.00%	2.28%	1.19%	0.00%	0.00%	2.26%	1.75%	0.00%	1.47%	1.79%	0.95%	0.00%	3.91%	1.06%	0.51%	2.55%	1.25%	0.00%									
23	Путин Владимир Владимирович	15684	682	104	102	259	262	105	153	64	90	258	65	51	98	182	127	316	348	186	176	188	203	148	823	1145	339	155	1199	96	338	839	220	321	45	51	173	157	71	434	459	442	111	421	194	364	118	53	467	61	118	71	121	477	63	61	206	264	18	109	315	170	241	77	110									
		83.35%	91.91%	91.23%	93.58%	84.36%	91.93%	92.11%	75.00%	92.75%	64.29%	90.85%	86.67%	91.07%	70.50%	88.78%	90.71%	94.05%	98.58%	98.94%	98.32%	98.43%	99.02%	98.01%	81.89%	79.90%	73.54%	89.08%	70.24%	92.31%	80.67%	88.32%	94.02%	79.65%	76.27%	96.23%	67.58%	92.35%	78.02%	92.14%	81.38%	90.57%	86.72%	80.50%	94.63%	87.08%	84.29%	98.15%	75.93%	72.62%	95.93%	94.67%	90.98%	64.37%	76.83%	89.71%	73.84%	83.54%	72.00%	85.16%	83.33%	86.73%	87.96%	96.25%	88.00%									
																																																																										
																																																																										
																																																																										
																																																																										
																																																																										
																																																																										
																																																																										
																																																																										
																																																																										
																																																																										
																																																																										
																																																																										
																																																																										
																																																																										
																																																																										
																																																																										
																																																																										
																																																																										
																																																																										
																																																																										
																																																																										
																																																																										
																																																																										
																																																																										
																																																																										
																																																																										
																																																																										
