Выборы Президента Российской Федерации																																																			
Дата голосования: 02.03.2008																																																			
																																																			
Наименование Избирательной комиссии:    Вагайская																																																			
																																																			
Сводная таблица результатов выборов																																																			
																																																			
	Число участковых избирательных комиссий	44																																																	
	"Число участковых избирательных комиссий, приступивших к передаче сведений"	44																																																	
																																																			
		Сумма	УИК №144	УИК №145	УИК №146	УИК №147	УИК №148	УИК №149	УИК №150	УИК №151	УИК №152	УИК №153	УИК №154	УИК №155	УИК №156	УИК №157	УИК №158	УИК №159	УИК №160	УИК №161	УИК №162	УИК №163	УИК №164	УИК №165	УИК №166	УИК №167	УИК №168	УИК №169	УИК №170	УИК №171	УИК №172	УИК №173	УИК №174	УИК №175	УИК №176	УИК №177	УИК №178	УИК №179	УИК №180	УИК №181	УИК №182	УИК №183	УИК №184	УИК №185	УИК №186	УИК №187					
1	"Число избирателей, включенных в списки избирателей"	16701	221	249	169	1485	1187	1311	816	66	166	426	318	147	283	93	100	354	422	326	418	926	67	113	130	323	613	95	104	584	120	348	1063	152	170	259	487	274	315	481	347	332	168	179	327	167					
2	"Число избирательных бюллетеней, полученных участковыми избирательными комиссиями"	17528	241	273	175	1540	1181	1336	852	67	182	445	332	158	324	102	100	369	436	336	438	1023	70	124	141	359	648	106	105	605	120	365	1102	151	172	270	525	287	332	517	365	353	187	196	342	176					
3	"Число избирательных бюллетеней, выданных избирателям, проголосовавшим досрочно"	0	0	0	0	0	0	0	0	0	0	0	0	0	0	0	0	0	0	0	0	0	0	0	0	0	0	0	0	0	0	0	0	0	0	0	0	0	0	0	0	0	0	0	0	0					
4	"Число избирательных бюллетеней, выданных в помещениях для голосования в день голосования"	14755	193	207	155	1297	1049	1225	670	59	147	374	285	107	255	93	92	316	345	240	341	841	38	94	122	302	558	93	103	515	120	283	1007	130	163	243	391	263	255	445	311	223	154	167	321	163					
5	"Число избирательных бюллетеней, выданных вне помещений для голосования в день голосования"	1490	23	34	12	101	90	38	123	7	8	41	24	39	25	0	8	35	66	74	62	76	29	17	8	17	43	0	0	62	0	59	26	16	4	14	84	6	37	28	26	101	10	9	4	4					
6	Число погашенных избирательных бюллетеней	1283	25	32	8	142	42	73	59	1	27	30	23	12	44	9	0	18	25	22	35	106	3	13	11	40	47	13	2	28	0	23	69	5	5	13	50	18	40	44	28	29	23	20	17	9					
7	Число избирательных бюллетеней в переносных ящиках для голосования	1490	23	34	12	101	90	38	123	7	8	41	24	39	25	0	8	35	66	74	62	76	29	17	8	17	43	0	0	62	0	59	26	16	4	14	84	6	37	28	26	101	10	9	4	4					
8	Число бюллетеней в стационарных ящиках для голосования	14751	193	207	155	1297	1049	1225	670	59	147	373	285	107	255	93	92	316	345	240	341	841	38	94	122	302	555	93	103	515	120	283	1007	130	163	243	391	263	255	445	311	223	154	167	321	163					
9	Число недействительных избирательных бюллетеней	16	0	0	0	0	0	0	0	0	2	6	1	0	0	0	0	0	1	0	1	0	0	0	0	0	1	0	0	0	1	0	0	0	0	1	0	1	0	1	0	0	0	0	0	0					
10	Число действительных избирательных бюллетеней	16225	216	241	167	1398	1139	1263	793	66	153	408	308	146	280	93	100	351	410	314	402	917	67	111	130	319	597	93	103	577	119	342	1033	146	167	256	475	268	292	472	337	324	164	176	325	167					
11	Число полученных открепительных  удостоверений	793	20	23	6	50	30	50	30	0	10	15	15	10	40	7	4	15	10	10	15	57	4	10	10	34	25	10	0	20	0	20	32	5	5	10	35	11	13	28	16	20	20	20	13	15					
12	"Число открепительных удостоверений, выданных избирателям на избирательных участках"	780	20	23	6	50	25	50	30	0	10	15	15	10	40	7	4	15	10	10	15	52	4	10	10	34	25	10	0	20	0	20	32	2	5	10	35	11	13	28	16	20	20	20	13	15					
13	"Число избирателей, проголосовавших по открепительным удостоверениям"	118	2	4	3	18	10	18	3	0	0	0	1	2	1	0	3	4	2	0	0	11	2	0	0	0	0	1	0	1	1	2	3	3	0	0	0	0	3	0	2	2	3	4	3	6					
14	Число неиспользованных открепительных удостоверений	13	0	0	0	0	5	0	0	0	0	0	0	0	0	0	0	0	0	0	0	5	0	0	0	0	0	0	0	0	0	0	0	3	0	0	0	0	0	0	0	0	0	0	0	0					
15	"Число открепительных удостоверений, выданных избирателям ТИК"	7	0	0	0	2	1	1	0	0	2	1	0	0	0	0	0	0	0	0	0	0	0	0	0	0	0	0	0	0	0	0	0	0	0	0	0	0	0	0	0	0	0	0	0	0					
16	Число утраченных избирательных бюллетеней	0	0	0	0	0	0	0	0	0	0	0	0	0	0	0	0	0	0	0	0	0	0	0	0	0	0	0	0	0	0	0	0	0	0	0	0	0	0	0	0	0	0	0	0	0					
17	"Число избирательных бюллетеней, не учтенных при получении"	0	0	0	0	0	0	0	0	0	0	0	0	0	0	0	0	0	0	0	0	0	0	0	0	0	0	0	0	0	0	0	0	0	0	0	0	0	0	0	0	0	0	0	0	0					
17а	Число утраченных открепительных удостоверений	0	0	0	0	0	0	0	0	0	0	0	0	0	0	0	0	0	0	0	0	0	0	0	0	0	0	0	0	0	0	0	0	0	0	0	0	0	0	0	0	0	0	0	0	0					
17б	"Число открепительных удостоверений, не учтенных при получении"	0	0	0	0	0	0	0	0	0	0	0	0	0	0	0	0	0	0	0	0	0	0	0	0	0	0	0	0	0	0	0	0	0	0	0	0	0	0	0	0	0	0	0	0	0					
"Число голосов избирателей, поданных за каждый список"																																																			
18	Богданов Андрей Владимирович	43	0	0	0	3	10	3	1	0	0	7	2	0	0	0	0	0	3	0	2	2	0	0	0	0	2	0	1	1	0	1	2	0	1	0	0	0	1	1	0	0	0	0	0	0					
		0.26%	0.00%	0.00%	0.00%	0.21%	0.88%	0.24%	0.13%	0.00%	0.00%	1.69%	0.65%	0.00%	0.00%	0.00%	0.00%	0.00%	0.73%	0.00%	0.50%	0.22%	0.00%	0.00%	0.00%	0.00%	0.33%	0.00%	0.97%	0.17%	0.00%	0.29%	0.19%	0.00%	0.60%	0.00%	0.00%	0.00%	0.34%	0.21%	0.00%	0.00%	0.00%	0.00%	0.00%	0.00%					
19	Жириновский Владимир Вольфович	211	2	3	1	21	13	15	14	1	5	25	23	1	2	0	2	3	6	5	4	6	1	0	0	0	1	1	1	2	2	3	12	1	1	2	1	1	12	2	5	6	1	2	2	0					
		1.30%	0.93%	1.24%	0.60%	1.50%	1.14%	1.19%	1.77%	1.52%	3.23%	6.04%	7.44%	0.68%	0.71%	0.00%	2.00%	0.85%	1.46%	1.59%	0.99%	0.65%	1.49%	0.00%	0.00%	0.00%	0.17%	1.08%	0.97%	0.35%	1.67%	0.88%	1.16%	0.68%	0.60%	0.78%	0.21%	0.37%	4.11%	0.42%	1.48%	1.85%	0.61%	1.14%	0.62%	0.00%					
20	Зюганов Геннадий Андреевич	407	2	4	4	31	23	14	11	1	20	35	24	2	4	1	1	7	4	4	8	8	1	2	3	14	28	3	5	11	3	6	37	2	2	2	11	4	25	15	4	4	2	3	9	3					
		2.51%	0.93%	1.66%	2.40%	2.22%	2.02%	1.11%	1.39%	1.52%	12.90%	8.45%	7.77%	1.37%	1.43%	1.08%	1.00%	1.99%	0.97%	1.27%	1.99%	0.87%	1.49%	1.80%	2.31%	4.39%	4.68%	3.23%	4.85%	1.91%	2.50%	1.75%	3.58%	1.37%	1.20%	0.78%	2.32%	1.49%	8.56%	3.17%	1.19%	1.23%	1.22%	1.70%	2.77%	1.80%					
21	Медведев Дмитрий Анатольевич	15564	212	234	162	1343	1093	1231	767	64	128	341	259	143	274	92	97	341	397	305	388	901	65	109	127	305	566	89	96	563	114	332	982	143	163	252	463	263	254	454	328	314	161	171	314	164					
		95.83%	98.15%	97.10%	97.01%	96.07%	95.96%	97.47%	96.72%	96.97%	82.58%	82.37%	83.82%	97.95%	97.86%	98.92%	97.00%	97.15%	96.59%	97.13%	96.28%	98.26%	97.01%	98.20%	97.69%	95.61%	94.65%	95.70%	93.20%	97.57%	95.00%	97.08%	95.06%	97.95%	97.60%	98.05%	97.47%	97.77%	86.99%	95.98%	97.33%	96.91%	98.17%	97.16%	96.62%	98.20%					
																																																			
																																																			
																																																			
																																																			
																																																			
																																																			
																																																			
																																																			
																																																			
																																																			
																																																			
																																																			
																																																			
																																																			
																																																			
																																																			
																																																			
																																																			
