Выборы Президента Российской Федерации																																																																													
Дата голосования: 02.03.2008																																																																													
																																																																													
Наименование Избирательной комиссии:    Химкинская городская																																																																													
																																																																													
Сводная таблица результатов выборов																																																																													
																																																																													
	Число участковых избирательных комиссий	70																																																																											
	"Число участковых избирательных комиссий, приступивших к передаче сведений"	70																																																																											
																																																																													
		Сумма	УИК №2975	УИК №2976	УИК №2977	УИК №2978	УИК №2979	УИК №2980	УИК №2981	УИК №2982	УИК №2983	УИК №2984	УИК №2985	УИК №2986	УИК №2987	УИК №2988	УИК №2989	УИК №2990	УИК №2991	УИК №2992	УИК №2993	УИК №2994	УИК №2995	УИК №2996	УИК №2997	УИК №2998	УИК №2999	УИК №3000	УИК №3001	УИК №3002	УИК №3003	УИК №3004	УИК №3005	УИК №3006	УИК №3007	УИК №3008	УИК №3009	УИК №3010	УИК №3011	УИК №3012	УИК №3013	УИК №3014	УИК №3015	УИК №3016	УИК №3017	УИК №3018	УИК №3019	УИК №3020	УИК №3021	УИК №3022	УИК №3023	УИК №3024	УИК №3025	УИК №3026	УИК №3027	УИК №3028	УИК №3029	УИК №3030	УИК №3031	УИК №3032	УИК №3033	УИК №3034	УИК №3035	УИК №3036	УИК №3037	УИК №3038	УИК №3039	УИК №3040	УИК №3041	УИК №3042	УИК №3043	УИК №3044					
1	"Число избирателей, включенных в списки избирателей"	135678	2671	1943	1842	2252	2372	2316	2062	1889	2155	2016	1840	2484	2333	2428	2066	1504	2492	2567	2536	2598	2350	1463	2482	2421	2240	2655	2483	2170	2193	1511	2327	2119	2094	2458	2313	2220	2611	2658	2732	1354	2073	1243	2314	2365	2373	2507	2157	1135	1251	1991	2706	2479	1978	521	2246	547	1296	2132	717	1496	1659	1546	2170	1648	611	1293	403	790	422	389					
2	"Число избирательных бюллетеней, полученных участковыми избирательными комиссиями"	133200	2600	2450	1750	2200	2310	2070	1950	1750	2000	1800	1700	2280	2170	2100	2820	1500	2400	2500	2460	2400	2100	1500	2400	2350	2260	2500	2450	2070	2220	1400	2300	2000	2020	2380	2350	2200	2550	2610	2600	1150	1900	1050	2270	2550	2300	2400	2200	1100	1400	2000	2650	2400	2000	550	2180	520	1200	2050	690	1490	1660	1490	2140	1600	590	1400	500	1000	650	650					
3	"Число избирательных бюллетеней, выданных избирателям, проголосовавшим досрочно"	0	0	0	0	0	0	0	0	0	0	0	0	0	0	0	0	0	0	0	0	0	0	0	0	0	0	0	0	0	0	0	0	0	0	0	0	0	0	0	0	0	0	0	0	0	0	0	0	0	0	0	0	0	0	0	0	0	0	0	0	0	0	0	0	0	0	0	0	0	0	0					
4	"Число избирательных бюллетеней, выданных в помещениях для голосования в день голосования"	108747	2314	1876	1421	1351	2272	1329	1270	1286	1265	1634	1507	2182	2049	1366	2040	1241	1780	2016	2161	2256	1739	1316	2109	2041	1956	2454	2238	1830	2106	1330	2055	1918	1688	1362	2124	2019	1448	1422	2129	710	1744	982	1901	2019	1425	1990	1830	959	795	1907	2252	1981	1595	510	1851	427	1116	1872	538	1397	1567	743	1985	1316	477	1093	340	714	422	389					
5	"Число избирательных бюллетеней, выданных вне помещений для голосования в день голосования"	2557	45	67	52	28	33	23	28	37	73	45	34	40	36	30	26	37	21	9	17	17	86	7	24	17	20	6	21	15	32	30	31	20	34	42	25	20	24	20	24	5	4	1	22	9	47	20	47	16	446	2	9	151	31	2	18	20	26	36	11	34	36	24	13	155	97	23	18	38	0	0					
6	Число погашенных избирательных бюллетеней	21877	241	507	277	817	5	718	652	427	662	121	159	58	85	704	754	222	599	475	282	127	275	177	267	292	284	40	191	225	82	40	214	56	298	976	197	158	1078	1166	447	435	152	67	347	522	828	390	323	125	159	91	389	268	374	38	311	73	58	142	141	59	57	723	142	129	16	284	142	248	228	261					
7	Число избирательных бюллетеней в переносных ящиках для голосования	2549	45	67	52	28	33	23	28	37	73	45	34	40	36	30	26	37	21	9	17	17	86	7	24	17	20	6	21	15	32	30	31	20	34	42	17	20	24	20	24	5	4	1	22	9	47	20	47	16	446	2	9	151	31	2	18	20	26	36	11	34	36	24	13	155	97	23	18	38	0	0					
8	Число бюллетеней в стационарных ящиках для голосования	108369	2314	1876	1421	1347	2001	1329	1264	1281	1265	1630	1507	2179	2049	1366	2040	1241	1763	2016	2161	2256	1733	1316	2101	2041	1956	2454	2238	1830	2102	1330	2055	1918	1681	1356	2124	2019	1448	1420	2122	710	1744	982	1901	2019	1425	1990	1824	959	795	1907	2236	1981	1595	510	1851	427	1114	1872	538	1397	1567	743	1981	1316	477	1093	340	714	422	389					
9	Число недействительных избирательных бюллетеней	3120	27	43	18	38	49	34	43	37	41	31	30	28	45	34	0	0	30	29	39	37	40	37	37	26	29	291	43	29	41	10	47	171	205	30	192	51	32	26	54	12	30	11	50	30	30	21	33	28	36	81	35	34	0	4	12	5	80	168	6	145	140	54	24	10	8	1	5	3	0	0					
10	Число действительных избирательных бюллетеней	107798	2332	1900	1455	1337	1985	1318	1249	1281	1297	1644	1511	2191	2040	1362	2066	1278	1754	1996	2139	2236	1779	1286	2088	2032	1947	2169	2216	1816	2093	1350	2039	1767	1510	1368	1949	1988	1440	1414	2092	703	1718	972	1873	1998	1442	1989	1838	947	1205	1828	2210	2098	1626	508	1857	442	1060	1740	543	1286	1463	713	1970	1461	566	1115	353	749	422	389					
11	Число полученных открепительных  удостоверений	3745	50	50	50	50	50	50	50	50	50	50	50	50	50	50	50	50	50	50	50	50	50	50	50	50	50	50	50	50	50	50	60	50	50	50	50	50	50	50	50	50	50	50	50	50	50	50	50	50	50	300	50	50	50	50	50	50	50	50	50	50	50	50	50	50	50	50	50	135	0	0					
12	"Число открепительных удостоверений, выданных избирателям на избирательных участках"	2935	50	50	39	48	44	42	46	38	48	50	27	38	36	33	47	28	35	49	50	41	49	20	50	46	48	50	50	49	50	34	60	44	44	47	31	47	50	46	50	22	42	7	44	50	50	50	45	30	18	292	42	36	27	1	50	7	13	39	8	37	40	32	39	32	10	24	9	135	0	0					
13	"Число избирателей, проголосовавших по открепительным удостоверениям"	3389	36	39	40	26	28	28	26	19	21	31	64	148	60	47	83	51	19	21	39	130	29	28	30	35	28	21	24	49	33	44	49	24	101	24	17	19	23	34	44	95	148	51	22	23	21	74	24	23	38	43	10	23	14	29	42	6	55	28	16	6	9	25	30	41	33	0	19	18	422	389					
14	Число неиспользованных открепительных удостоверений	810	0	0	11	2	6	8	4	12	2	0	23	12	14	17	3	22	15	1	0	9	1	30	0	4	2	0	0	1	0	16	0	6	6	3	19	3	0	4	0	28	8	43	6	0	0	0	5	20	32	8	8	14	23	49	0	43	37	11	42	13	10	18	11	18	40	26	41	0	0	0					
15	"Число открепительных удостоверений, выданных избирателям ТИК"	55	2	0	0	6	1	2	1	0	0	0	1	0	1	2	2	1	1	3	1	0	0	1	1	0	1	1	2	0	0	2	1	0	0	1	0	2	2	0	1	0	1	0	1	2	1	1	1	0	0	2	0	1	2	0	0	0	0	0	0	0	0	0	1	1	0	1	0	1	0	0					
16	Число утраченных избирательных бюллетеней	19	0	0	0	4	0	0	0	0	0	0	0	0	0	0	0	0	0	0	0	0	0	0	0	0	0	0	0	0	0	0	0	6	0	0	4	3	0	2	0	0	0	0	0	0	0	0	0	0	0	0	0	0	0	0	0	0	0	0	0	0	0	0	0	0	0	0	0	0	0	0					
17	"Число избирательных бюллетеней, не учтенных при получении"	0	0	0	0	0	0	0	0	0	0	0	0	0	0	0	0	0	0	0	0	0	0	0	0	0	0	0	0	0	0	0	0	0	0	0	0	0	0	0	0	0	0	0	0	0	0	0	0	0	0	0	0	0	0	0	0	0	0	0	0	0	0	0	0	0	0	0	0	0	0	0					
17а	Число утраченных открепительных удостоверений	0	0	0	0	0	0	0	0	0	0	0	0	0	0	0	0	0	0	0	0	0	0	0	0	0	0	0	0	0	0	0	0	0	0	0	0	0	0	0	0	0	0	0	0	0	0	0	0	0	0	0	0	0	0	0	0	0	0	0	0	0	0	0	0	0	0	0	0	0	0	0					
17б	"Число открепительных удостоверений, не учтенных при получении"	0	0	0	0	0	0	0	0	0	0	0	0	0	0	0	0	0	0	0	0	0	0	0	0	0	0	0	0	0	0	0	0	0	0	0	0	0	0	0	0	0	0	0	0	0	0	0	0	0	0	0	0	0	0	0	0	0	0	0	0	0	0	0	0	0	0	0	0	0	0	0					
"Число голосов избирателей, поданных за каждый список"																																																																													
18	Богданов Андрей Владимирович	1864	53	46	43	32	2	37	27	32	32	35	23	28	38	39	47	4	28	40	45	42	40	37	40	43	33	23	39	40	37	2	24	9	37	31	40	32	37	40	44	19	23	30	38	43	39	25	29	21	19	26	19	21	18	2	14	13	26	26	11	3	16	16	30	16	11	1	1	4	1	2					
		1.68%	2.25%	2.37%	2.92%	2.33%	0.10%	2.74%	2.09%	2.43%	2.39%	2.09%	1.49%	1.26%	1.82%	2.79%	2.27%	0.31%	1.57%	1.98%	2.07%	1.85%	2.20%	2.80%	1.88%	2.09%	1.67%	0.93%	1.73%	2.17%	1.73%	0.15%	1.15%	0.46%	2.16%	2.22%	1.87%	1.57%	2.51%	2.78%	2.05%	2.66%	1.32%	3.05%	1.98%	2.12%	2.65%	1.24%	1.55%	2.15%	1.53%	1.36%	0.85%	0.98%	1.11%	0.39%	0.75%	2.91%	2.28%	1.36%	2.00%	0.21%	0.99%	2.09%	1.50%	1.09%	1.92%	0.09%	0.28%	0.53%	0.24%	0.51%					
19	Жириновский Владимир Вольфович	7319	126	141	81	132	31	167	112	126	100	87	94	142	165	149	27	35	169	149	133	119	141	78	168	129	160	105	162	179	133	64	111	122	59	148	118	116	161	171	163	64	98	69	118	150	116	82	114	68	48	82	146	117	134	36	145	55	81	116	52	8	61	83	174	161	47	44	10	44	14	9					
		6.60%	5.34%	7.26%	5.50%	9.60%	1.52%	12.35%	8.67%	9.56%	7.47%	5.19%	6.10%	6.40%	7.91%	10.67%	1.31%	2.74%	9.47%	7.36%	6.11%	5.24%	7.75%	5.90%	7.91%	6.27%	8.10%	4.27%	7.17%	9.70%	6.23%	4.71%	5.32%	6.30%	3.44%	10.59%	5.51%	5.69%	10.94%	11.88%	7.60%	8.95%	5.61%	7.02%	6.14%	7.40%	7.88%	4.08%	6.09%	6.97%	3.87%	4.30%	6.50%	5.49%	8.24%	7.03%	7.76%	12.30%	7.11%	6.08%	9.47%	0.56%	3.81%	10.82%	8.73%	10.94%	8.19%	3.94%	2.79%	5.85%	3.32%	2.31%					
20	Зюганов Геннадий Андреевич	17014	243	373	275	279	42	319	275	288	332	336	261	324	295	292	233	153	346	349	391	259	386	163	387	297	360	187	362	379	324	126	368	184	186	362	220	305	323	354	353	109	180	75	271	237	337	404	338	162	87	97	282	338	228	63	241	87	107	253	80	374	162	171	429	174	108	180	56	59	22	12					
		15.34%	10.30%	19.20%	18.67%	20.29%	2.06%	23.59%	21.28%	21.85%	24.81%	20.06%	16.94%	14.60%	14.15%	20.92%	11.28%	11.97%	19.39%	17.23%	17.95%	11.39%	21.22%	12.32%	18.21%	14.43%	18.22%	7.60%	16.02%	20.54%	15.18%	9.26%	17.64%	9.49%	10.85%	25.89%	10.28%	14.96%	21.94%	24.58%	16.45%	15.24%	10.30%	7.63%	14.09%	11.69%	22.89%	20.10%	18.07%	16.62%	7.01%	5.08%	12.56%	15.85%	14.02%	12.30%	12.89%	19.46%	9.39%	13.26%	14.57%	26.14%	10.11%	22.29%	21.51%	11.83%	18.82%	16.13%	15.64%	7.85%	5.21%	3.08%					
21	Медведев Дмитрий Анатольевич	81601	1910	1340	1056	894	1910	795	835	835	833	1186	1133	1697	1542	882	1759	1086	1211	1458	1570	1816	1212	1008	1493	1563	1394	1854	1653	1218	1599	1158	1536	1452	1228	827	1571	1535	919	849	1532	511	1417	798	1446	1568	950	1478	1357	696	1051	1623	1763	1622	1246	407	1457	287	846	1345	400	901	1224	443	1337	1110	400	890	286	642	385	366					
		73.57%	80.97%	68.97%	71.69%	65.02%	93.90%	58.80%	64.63%	63.35%	62.26%	70.81%	73.52%	76.48%	73.96%	63.18%	85.14%	84.98%	67.88%	72.00%	72.08%	79.89%	66.63%	76.19%	70.26%	75.95%	70.55%	75.37%	73.17%	66.02%	74.93%	85.15%	73.63%	74.92%	71.60%	59.16%	73.38%	75.28%	62.43%	58.96%	71.39%	71.47%	81.06%	81.18%	75.20%	77.32%	64.54%	73.53%	72.53%	71.38%	84.69%	85.02%	78.53%	76.08%	76.63%	79.49%	77.96%	64.21%	74.21%	70.49%	72.86%	62.96%	76.36%	57.76%	67.05%	75.46%	69.69%	79.75%	79.89%	85.37%	91.23%	94.09%					
																																																																													
																																																																													
																																																																													
																																																																													
																																																																													
																																																																													
																																																																													
																																																																													
																																																																													
																																																																													
																																																																													
																																																																													
																																																																													
																																																																													
																																																																													
																																																																													
																																																																													
																																																																													
