Выборы Президента Российской Федерации																																																																																																																																	
																																																																																																																																	
Наименование Избирательной комиссии:    Таганрогская																																																																																																																																	
																																																																																																																																	
Итоги голосования 																																																																																																																																	
																																																																																																																																	
		Сумма	УИК №1780	УИК №1781	УИК №1782	УИК №1783	УИК №1784	УИК №1785	УИК №1786	УИК №1787	УИК №1788	УИК №1789	УИК №1790	УИК №1791	УИК №1792	УИК №1793	УИК №1794	УИК №1795	УИК №1796	УИК №1797	УИК №1798	УИК №1799	УИК №1800	УИК №1801	УИК №1802	УИК №1803	УИК №1804	УИК №1805	УИК №1806	УИК №1807	УИК №1808	УИК №1809	УИК №1810	УИК №1811	УИК №1812	УИК №1813	УИК №1814	УИК №1815	УИК №1816	УИК №1817	УИК №1818	УИК №1819	УИК №1820	УИК №1821	УИК №1822	УИК №1823	УИК №1824	УИК №1825	УИК №1826	УИК №1827	УИК №1828	УИК №1829	УИК №1830	УИК №1831	УИК №1832	УИК №1833	УИК №1834	УИК №1835	УИК №1836	УИК №1837	УИК №1838	УИК №1839	УИК №1840	УИК №1841	УИК №1842	УИК №1843	УИК №1844	УИК №1845	УИК №1846	УИК №1847	УИК №1848	УИК №1849	УИК №1850	УИК №1851	УИК №1852	УИК №1853	УИК №1854	УИК №1855	УИК №1856	УИК №1857	УИК №1858	УИК №1859	УИК №1860	УИК №1861	УИК №1862	УИК №1863	УИК №1864	УИК №1865	УИК №1866	УИК №1867	УИК №1868	УИК №1869	УИК №1870	УИК №1871	УИК №1872	УИК №1873	УИК №1874	УИК №1875	УИК №1876	УИК №1877	УИК №1878	УИК №1879	УИК №1880	УИК №1881	УИК №1882	УИК №1883	УИК №1884	УИК №1885	УИК №1886	УИК №1887	УИК №2346	УИК №2347	УИК №2348	УИК №2349	УИК №2350	УИК №2468	УИК №2469	УИК №2470	УИК №2471	УИК №2472	УИК №2473	УИК №2474	УИК №2522	УИК №2523					
1	"Число избирателей, внесенных в список"	223056	1860	1564	2016	2080	1374	1657	2140	2112	2164	1917	1730	2168	2153	1890	1987	1886	2055	2229	2049	2037	2158	2255	2306	1544	2024	1487	1720	1651	1624	2049	2118	1778	2082	1596	1676	1796	1353	1184	1360	1559	2263	1964	2350	1625	1834	1687	1988	2234	1863	2392	2514	1826	1922	2059	2477	2086	1755	2118	1342	1322	2417	1968	1774	2308	2367	1269	1609	2014	2443	1418	2501	2214	1982	1812	1666	2208	1911	1793	1776	1631	1653	1411	1365	1897	1982	1999	1960	1351	1794	1558	1749	1705	1587	1351	1766	1687	2792	2213	2041	1348	1671	1810	1731	1950	1786	1577	1582	1776	1510	1032	1934	2078	2115	1416	2411	2075	2106	441	459	390	1266	1641					
2	Число полученных избирательных бюллетеней	204138	1700	1400	1900	1900	1250	1500	2000	1900	1950	1800	1600	1800	2050	1800	1750	1650	1800	2050	1900	1800	2000	2100	2150	1350	1850	1400	1550	1550	1500	1900	2000	1650	1950	1500	1600	1700	1250	1100	1250	1450	2100	1850	2150	1500	1700	1600	1850	2050	1750	2250	2300	1700	1800	2000	2300	2000	1700	2000	1250	1250	1650	1850	1650	2150	2150	1050	1500	1900	2250	1300	2150	2000	1800	1700	1550	2000	1700	1600	1600	1500	1550	1300	1050	1750	1800	1900	1800	1250	1550	1400	1600	1550	1450	1250	1600	1550	2550	1900	1900	1200	1500	1600	1550	1750	1600	1450	1450	1650	1350	950	1750	1900	1950	1300	2150	1900	1950	450	478	410	1150	1550					
3	"Число избирательных бюллетеней, выданных  досрочно"	0	0	0	0	0	0	0	0	0	0	0	0	0	0	0	0	0	0	0	0	0	0	0	0	0	0	0	0	0	0	0	0	0	0	0	0	0	0	0	0	0	0	0	0	0	0	0	0	0	0	0	0	0	0	0	0	0	0	0	0	0	0	0	0	0	0	0	0	0	0	0	0	0	0	0	0	0	0	0	0	0	0	0	0	0	0	0	0	0	0	0	0	0	0	0	0	0	0	0	0	0	0	0	0	0	0	0	0	0	0	0	0	0	0	0	0	0	0	0	0	0	0	0					
4	"Число избирательных бюллетеней, выданных в день голосования"	135768	1175	1156	1093	1255	699	977	1379	1274	1332	1088	1001	1399	1165	992	1164	1142	1216	1278	1172	1281	1228	1490	1284	947	1184	854	1088	1042	873	1126	1097	1059	1129	1019	909	1018	803	699	923	1071	1422	1193	1426	950	1092	1066	1205	1216	981	1384	1424	1152	1223	1216	1421	1244	995	1284	861	719	1586	1169	1082	1326	1485	961	996	1290	1460	626	1769	1497	1117	971	953	1171	1090	1229	1131	1038	1007	940	1000	1218	1271	1066	1125	903	1160	1068	1155	1112	1043	799	1074	991	1713	1248	1344	853	941	1182	1102	1231	1147	1025	1001	1211	969	623	1271	1355	1391	783	1533	1250	1305	326	454	182	872	1022					
5	"Число избирательных бюллетеней, выданных вне помещения"	7531	63	20	65	51	107	72	50	109	65	82	73	60	127	68	60	84	106	86	74	57	90	58	121	36	125	52	45	54	66	60	133	83	116	50	74	57	91	55	32	34	48	32	29	15	29	24	42	19	8	22	35	28	27	77	143	71	91	36	19	73	42	68	56	48	24	24	41	50	79	64	34	29	106	139	83	154	81	76	45	84	73	65	32	64	54	51	58	29	20	69	50	32	29	26	90	62	87	94	35	28	63	35	73	102	40	61	26	60	60	80	68	74	40	71	22	31	103	111	0	208	32	17					
6	Число погашенных избирательных бюллетеней	60839	462	224	742	594	444	451	571	517	553	630	526	341	758	740	526	424	478	686	654	462	682	552	745	367	541	494	417	454	561	714	770	508	705	431	617	625	356	346	295	345	630	625	695	535	579	510	603	815	761	844	841	520	550	707	736	685	614	680	370	458	22	613	512	776	641	65	463	560	711	610	347	474	577	590	514	675	529	295	424	378	470	295	18	468	475	783	617	318	370	263	395	406	378	425	436	497	750	558	521	319	496	383	375	417	413	364	423	379	321	247	411	471	519	446	595	619	542	13	24	20	246	511					
7	Число избирательных бюллетеней в переносных ящиках	7531	63	20	65	51	107	72	50	109	65	82	73	60	127	68	60	84	106	86	74	57	90	58	121	36	125	52	45	54	66	60	133	83	116	50	74	57	91	55	32	34	48	32	29	15	29	24	42	19	8	22	35	28	27	77	143	71	91	36	19	73	42	68	56	48	24	24	41	50	79	64	34	29	106	139	83	154	81	76	45	84	73	65	32	64	54	51	58	29	20	69	50	32	29	26	90	62	87	94	35	28	63	35	73	102	40	61	26	60	60	80	68	74	40	71	22	31	103	111	0	208	32	17					
8	Число бюллетеней в стационарных ящиках для голосования	135707	1175	1156	1093	1254	699	977	1376	1274	1332	1088	1001	1399	1165	992	1164	1139	1216	1277	1172	1281	1224	1490	1281	947	1184	851	1088	1041	873	1126	1096	1059	1129	1019	909	1016	803	699	923	1071	1417	1193	1426	950	1092	1066	1205	1216	980	1384	1424	1150	1222	1215	1420	1243	995	1284	861	719	1586	1169	1082	1324	1485	961	996	1290	1460	626	1769	1497	1117	971	953	1171	1089	1229	1131	1038	1006	940	1000	1217	1271	1066	1123	903	1160	1066	1155	1112	1043	799	1074	991	1713	1248	1339	853	941	1182	1100	1229	1147	1025	1001	1211	969	619	1271	1354	1391	780	1533	1250	1305	326	454	182	871	1022					
9	Число недействительных избирательных бюллетеней	927	7	2	8	6	4	9	6	13	8	15	3	9	3	2	20	8	6	18	4	8	9	11	3	5	7	8	10	8	14	3	4	0	8	0	3	6	9	11	6	2	3	5	3	2	10	5	14	20	13	0	8	4	10	10	4	6	8	8	6	2	15	12	8	7	11	6	4	5	11	6	12	15	11	9	2	4	7	9	9	5	15	8	6	7	6	21	8	4	1	4	11	5	9	5	10	6	15	9	9	2	13	10	4	8	4	5	11	9	5	6	14	12	9	7	7	17	11	6	0	8	0	5					
10	Число действительных избирательных бюллетеней	142311	1231	1174	1150	1299	802	1040	1420	1370	1389	1155	1071	1450	1289	1058	1204	1215	1316	1345	1242	1330	1305	1537	1399	978	1302	895	1123	1087	925	1183	1225	1142	1237	1069	980	1067	885	743	949	1103	1462	1220	1452	963	1111	1085	1233	1215	975	1406	1451	1174	1239	1282	1559	1308	1078	1312	874	790	1613	1225	1130	1365	1498	979	1033	1335	1528	684	1791	1511	1212	1101	1034	1321	1163	1296	1167	1117	1064	997	1026	1274	1319	1096	1173	928	1179	1131	1194	1139	1063	820	1154	1047	1785	1333	1365	879	991	1207	1169	1323	1183	1081	1016	1262	1024	693	1325	1416	1422	844	1548	1264	1397	431	454	382	903	1034					
11	Число полученных открепительных  удостоверений	4343	35	65	43	165	32	26	40	28	29	40	22	30	40	28	35	20	50	37	45	30	45	35	45	30	50	35	25	38	24	25	35	30	17	25	35	45	30	20	27	24	28	36	40	25	39	39	38	40	35	43	50	37	35	90	49	35	40	45	25	25	40	50	37	58	53	25	37	25	30	15	35	35	38	60	35	45	25	50	34	27	35	25	15	40	25	35	48	25	55	30	28	25	35	20	25	35	45	37	40	65	29	25	36	35	25	40	30	35	35	25	35	33	30	25	55	35	40	0	0	0	26	33					
12	Число выданных открепительных удостоверений	4203	35	38	40	155	26	26	40	28	29	33	22	30	38	28	35	20	50	37	45	30	44	35	44	30	50	34	25	38	24	25	35	30	17	23	35	45	27	17	27	24	28	36	38	23	39	39	37	40	35	42	50	37	35	85	49	35	40	45	25	25	36	50	37	58	52	25	37	25	30	15	35	35	38	53	34	37	25	50	34	27	35	25	15	40	23	35	47	24	55	27	28	25	35	20	25	33	44	36	40	46	29	25	36	35	25	34	30	35	35	24	35	33	30	24	55	35	40	0	0	0	22	33					
13	"Число избирателей, проголосовавших по открепительным удостоверениям"	5561	45	83	33	88	19	23	30	84	30	16	25	180	27	26	170	98	42	37	22	123	36	29	31	85	65	14	34	26	21	34	24	18	34	15	11	25	40	27	29	16	39	17	35	19	36	21	30	110	30	26	22	35	34	14	30	14	48	29	37	19	658	27	18	19	39	31	24	20	19	12	82	73	25	42	16	19	79	103	22	21	19	27	226	14	36	16	18	17	213	31	16	13	37	19	13	18	23	24	19	41	20	23	18	57	22	32	23	20	40	32	38	17	18	12	14	22	21	286	139	19	19	20					
14	Число неиспользованных открепительных удостоверений	140	0	27	3	10	6	0	0	0	0	7	0	0	2	0	0	0	0	0	0	0	1	0	1	0	0	1	0	0	0	0	0	0	0	2	0	0	3	3	0	0	0	0	2	2	0	0	1	0	0	1	0	0	0	5	0	0	0	0	0	0	4	0	0	0	1	0	0	0	0	0	0	0	0	7	1	8	0	0	0	0	0	0	0	0	2	0	1	1	0	3	0	0	0	0	0	2	1	1	0	19	0	0	0	0	0	6	0	0	0	1	0	0	0	1	0	0	0	0	0	0	4	0					
15	"Число открепительных удостоверений, выданных в ТИК"	1989	14	7	32	9	8	22	14	21	25	17	18	19	21	38	18	16	21	25	20	10	30	15	44	15	21	21	13	10	19	16	14	13	20	11	14	15	16	10	8	5	20	22	32	21	27	21	29	53	27	32	35	15	26	26	18	21	18	25	13	6	22	15	11	16	18	9	17	10	18	8	20	15	20	15	14	18	12	9	13	18	15	10	7	7	17	19	13	9	7	14	11	16	14	6	6	14	31	13	17	8	14	13	12	17	10	14	10	10	18	10	14	11	13	7	29	8	7	0	0	0	9	19					
16	Число утраченных избирательных бюллетеней	0	0	0	0	0	0	0	0	0	0	0	0	0	0	0	0	0	0	0	0	0	0	0	0	0	0	0	0	0	0	0	0	0	0	0	0	0	0	0	0	0	0	0	0	0	0	0	0	0	0	0	0	0	0	0	0	0	0	0	0	0	0	0	0	0	0	0	0	0	0	0	0	0	0	0	0	0	0	0	0	0	0	0	0	0	0	0	0	0	0	0	0	0	0	0	0	0	0	0	0	0	0	0	0	0	0	0	0	0	0	0	0	0	0	0	0	0	0	0	0	0	0	0					
17	Число не учтенных при получении избирательных бюллетеней	0	0	0	0	0	0	0	0	0	0	0	0	0	0	0	0	0	0	0	0	0	0	0	0	0	0	0	0	0	0	0	0	0	0	0	0	0	0	0	0	0	0	0	0	0	0	0	0	0	0	0	0	0	0	0	0	0	0	0	0	0	0	0	0	0	0	0	0	0	0	0	0	0	0	0	0	0	0	0	0	0	0	0	0	0	0	0	0	0	0	0	0	0	0	0	0	0	0	0	0	0	0	0	0	0	0	0	0	0	0	0	0	0	0	0	0	0	0	0	0	0	0	0					
"Число голосов избирателей, поданных за каждый список"																																																																																																																																	
18	. Глазьев Сергей Юрьевич	9038	83	41	80	56	49	52	79	87	101	54	68	98	97	53	86	77	92	81	37	83	77	100	87	71	76	50	71	74	59	76	79	57	78	83	66	68	62	51	72	93	107	83	113	55	76	64	74	78	42	101	101	83	78	78	115	74	66	73	61	59	78	113	73	100	114	80	83	79	108	26	133	124	57	60	51	84	49	62	60	61	54	48	46	96	108	62	69	65	59	86	77	103	71	61	65	73	117	98	120	41	50	82	73	84	68	88	79	112	33	39	82	84	85	58	86	69	74	9	2	6	109	67					
		6.31%	6.70%	3.49%	6.91%	4.29%	6.08%	4.96%	5.54%	6.29%	7.23%	4.62%	6.33%	6.72%	7.51%	5.00%	7.03%	6.30%	6.96%	5.94%	2.97%	6.20%	5.86%	6.46%	6.21%	7.22%	5.81%	5.54%	6.27%	6.76%	6.28%	6.41%	6.43%	4.99%	6.27%	7.76%	6.71%	6.34%	6.94%	6.76%	7.54%	8.42%	7.30%	6.78%	7.77%	5.70%	6.78%	5.87%	5.93%	6.32%	4.25%	7.18%	6.92%	7.05%	6.24%	6.04%	7.36%	5.63%	6.08%	5.53%	6.93%	7.45%	4.79%	9.14%	6.41%	7.29%	7.55%	8.12%	8.00%	5.90%	7.02%	3.77%	7.38%	8.13%	4.66%	5.41%	4.92%	6.34%	4.19%	4.75%	5.10%	5.44%	5.00%	4.78%	4.46%	7.49%	8.15%	5.55%	5.84%	6.97%	5.00%	7.58%	6.39%	9.00%	6.62%	7.39%	5.58%	6.93%	6.50%	7.30%	8.73%	4.65%	4.98%	6.74%	6.22%	6.31%	5.73%	8.10%	7.69%	8.81%	3.21%	5.58%	6.12%	5.88%	5.94%	6.82%	5.53%	5.39%	5.26%	2.06%	0.44%	1.54%	12.07%	6.45%					
19	. Малышкин Олег Александрович	3059	24	22	29	30	12	23	25	28	19	26	15	24	22	19	24	16	19	38	25	24	18	24	18	25	26	15	29	22	23	17	19	20	21	9	19	20	17	10	16	20	29	19	34	22	25	24	23	34	22	26	30	18	30	23	31	20	22	38	19	15	40	35	15	31	54	29	13	36	37	25	41	30	24	28	15	29	44	43	30	25	31	24	24	20	31	35	34	12	47	27	31	20	16	17	31	30	45	31	28	26	25	34	28	25	24	17	18	25	15	23	35	31	33	25	53	36	36	7	3	6	6	14					
		2.14%	1.94%	1.87%	2.50%	2.30%	1.49%	2.19%	1.75%	2.02%	1.36%	2.22%	1.40%	1.64%	1.70%	1.79%	1.96%	1.31%	1.44%	2.79%	2.01%	1.79%	1.37%	1.55%	1.28%	2.54%	1.99%	1.66%	2.56%	2.01%	2.45%	1.43%	1.55%	1.75%	1.69%	0.84%	1.93%	1.86%	1.90%	1.33%	1.68%	1.81%	1.98%	1.55%	2.34%	2.28%	2.23%	2.20%	1.84%	2.75%	2.23%	1.85%	2.06%	1.53%	2.40%	1.78%	1.98%	1.52%	2.03%	2.88%	2.16%	1.89%	2.46%	2.83%	1.32%	2.26%	3.58%	2.94%	1.25%	2.69%	2.40%	3.62%	2.27%	1.97%	1.96%	2.52%	1.45%	2.19%	3.76%	3.30%	2.55%	2.23%	2.87%	2.39%	2.33%	1.56%	2.34%	3.13%	2.88%	1.29%	3.98%	2.38%	2.57%	1.75%	1.49%	2.06%	2.66%	2.85%	2.50%	2.31%	2.04%	2.95%	2.49%	2.79%	2.39%	1.88%	2.02%	1.57%	1.75%	1.97%	1.46%	3.29%	2.61%	2.17%	2.31%	2.94%	3.41%	2.81%	2.56%	1.60%	0.66%	1.54%	0.66%	1.35%					
20	. Миронов Сергей Михайлович	1085	8	5	14	11	10	4	18	12	11	7	5	9	4	3	12	11	9	12	14	4	12	10	8	7	10	6	4	10	7	9	10	10	7	13	10	6	6	9	7	6	9	6	9	5	8	9	8	14	9	9	12	5	12	9	13	15	13	11	11	4	4	10	16	9	17	9	5	9	10	4	12	8	10	8	9	10	7	3	4	9	10	9	4	9	11	8	8	6	12	16	13	10	11	7	3	10	17	17	7	7	10	11	11	10	10	7	11	5	8	5	9	7	18	6	12	6	12	4	1	4	3	6					
		0.76%	0.65%	0.43%	1.21%	0.84%	1.24%	0.38%	1.26%	0.87%	0.79%	0.60%	0.47%	0.62%	0.31%	0.28%	0.98%	0.90%	0.68%	0.88%	1.12%	0.30%	0.91%	0.65%	0.57%	0.71%	0.76%	0.66%	0.35%	0.91%	0.75%	0.76%	0.81%	0.88%	0.56%	1.22%	1.02%	0.56%	0.67%	1.19%	0.73%	0.54%	0.61%	0.49%	0.62%	0.52%	0.71%	0.83%	0.64%	1.13%	0.91%	0.64%	0.82%	0.42%	0.96%	0.70%	0.83%	1.14%	1.20%	0.83%	1.25%	0.51%	0.25%	0.81%	1.41%	0.66%	1.13%	0.91%	0.48%	0.67%	0.65%	0.58%	0.67%	0.52%	0.82%	0.72%	0.87%	0.75%	0.60%	0.23%	0.34%	0.80%	0.93%	0.90%	0.39%	0.70%	0.83%	0.72%	0.68%	0.64%	1.02%	1.41%	1.08%	0.87%	1.03%	0.85%	0.26%	0.95%	0.94%	1.27%	0.51%	0.79%	1.00%	0.90%	0.94%	0.75%	0.84%	0.64%	1.07%	0.39%	0.78%	0.72%	0.67%	0.49%	1.26%	0.71%	0.77%	0.47%	0.85%	0.92%	0.22%	1.03%	0.33%	0.58%					
21	. Путин Владимир Владимирович	84626	717	849	693	862	500	666	958	822	834	697	660	868	804	678	715	757	759	836	778	757	775	914	861	587	733	505	614	625	582	692	763	681	767	628	604	648	524	432	546	614	818	765	875	604	661	609	716	765	630	829	865	737	711	714	865	706	640	771	492	433	1012	728	686	764	846	591	598	718	841	411	1002	804	771	708	668	849	683	747	616	654	640	598	615	759	696	675	717	543	716	670	664	664	592	483	683	625	1042	750	726	559	613	714	722	781	688	632	609	691	609	409	765	829	846	489	942	789	742	297	432	317	465	620					
		59.08%	57.92%	72.19%	59.84%	66.05%	62.03%	63.49%	67.18%	59.44%	59.70%	59.57%	61.45%	59.49%	62.23%	63.96%	58.42%	61.90%	57.41%	61.34%	62.44%	56.58%	58.98%	59.04%	61.41%	59.72%	56.00%	55.92%	54.19%	57.08%	61.98%	58.35%	62.08%	59.63%	61.61%	58.75%	61.44%	60.39%	58.61%	57.29%	57.17%	55.57%	55.84%	62.45%	60.14%	62.59%	58.97%	55.87%	57.42%	61.94%	63.77%	58.96%	59.29%	62.56%	56.93%	55.26%	55.34%	53.73%	58.93%	58.41%	55.91%	54.67%	62.16%	58.85%	60.28%	55.69%	56.06%	60.00%	57.67%	53.58%	54.65%	59.57%	55.57%	52.69%	63.04%	63.78%	64.48%	64.08%	58.38%	57.24%	52.38%	58.29%	59.31%	59.50%	59.59%	59.25%	52.53%	60.43%	60.71%	58.26%	60.68%	59.03%	55.10%	58.04%	55.22%	58.55%	58.68%	59.35%	57.89%	55.89%	52.84%	63.45%	61.06%	58.67%	61.55%	58.68%	57.96%	58.20%	59.30%	54.37%	59.18%	58.51%	57.13%	58.05%	59.12%	57.46%	60.58%	61.59%	52.70%	67.96%	95.15%	81.28%	51.50%	59.67%					
22	. Хакамада Ирина Муцуовна	9138	99	82	95	97	64	96	113	116	151	92	63	82	119	81	110	99	129	99	111	84	67	99	97	64	85	64	73	69	56	76	76	88	84	75	54	55	48	36	71	60	81	69	102	57	46	79	79	54	44	93	90	73	81	97	76	98	65	76	61	60	63	75	67	96	91	44	45	75	80	39	132	139	69	70	69	76	64	95	66	54	67	68	59	77	111	58	72	56	69	76	95	70	74	40	50	39	94	65	87	62	49	75	64	77	82	74	52	76	56	52	90	65	83	53	82	84	59	30	7	5	102	63					
		6.38%	8.00%	6.97%	8.20%	7.43%	7.94%	9.15%	7.92%	8.39%	10.81%	7.86%	5.87%	5.62%	9.21%	7.64%	8.99%	8.09%	9.76%	7.26%	8.91%	6.28%	5.10%	6.40%	6.92%	6.51%	6.49%	7.09%	6.44%	6.30%	5.96%	6.41%	6.18%	7.71%	6.75%	7.02%	5.49%	5.13%	5.37%	4.77%	7.43%	5.43%	5.53%	5.63%	7.01%	5.91%	4.10%	7.25%	6.34%	4.37%	4.45%	6.61%	6.17%	6.20%	6.49%	7.51%	4.86%	7.46%	5.99%	5.76%	6.93%	7.58%	3.87%	6.06%	5.89%	7.00%	6.03%	4.47%	4.34%	5.60%	5.20%	5.65%	7.32%	9.11%	5.64%	6.31%	6.66%	5.74%	5.47%	7.28%	5.61%	4.81%	6.21%	6.77%	5.72%	6.01%	8.38%	5.19%	6.10%	6.01%	5.85%	6.70%	7.88%	6.12%	6.90%	4.85%	4.30%	3.70%	5.22%	4.84%	6.33%	7.04%	4.88%	6.16%	5.46%	5.79%	6.91%	6.81%	5.06%	5.98%	5.44%	7.44%	6.72%	4.55%	5.80%	6.23%	5.27%	6.56%	4.19%	6.86%	1.54%	1.28%	11.30%	6.06%					
23	. Харитонов Николай Михайлович	25766	231	74	152	126	118	125	126	227	165	195	188	271	167	167	167	182	214	190	205	277	275	299	225	165	285	201	257	236	127	237	206	211	206	188	171	219	150	160	176	239	327	203	196	149	224	233	269	182	134	238	253	182	234	274	391	335	206	256	163	170	314	196	203	269	251	144	238	307	353	142	296	265	207	155	163	219	232	243	282	238	179	174	187	239	287	194	191	199	167	186	249	197	225	135	253	219	382	289	295	121	190	193	176	239	218	213	181	266	230	108	250	300	264	158	231	194	398	59	3	42	159	190					
		17.99%	18.66%	6.29%	13.13%	9.66%	14.64%	11.92%	8.84%	16.41%	11.81%	16.67%	17.50%	18.57%	12.93%	15.75%	13.64%	14.88%	16.19%	13.94%	16.45%	20.70%	20.93%	19.32%	16.05%	16.79%	21.77%	22.26%	22.68%	21.55%	13.53%	19.98%	16.76%	18.48%	16.55%	17.59%	17.40%	20.41%	16.78%	21.22%	18.43%	21.63%	22.32%	16.57%	13.47%	15.44%	19.98%	21.38%	21.57%	14.74%	13.56%	16.93%	17.34%	15.45%	18.73%	21.21%	25.02%	25.49%	18.97%	19.39%	18.52%	21.46%	19.29%	15.84%	17.84%	19.61%	16.63%	14.62%	22.95%	22.91%	22.94%	20.58%	16.42%	17.37%	16.93%	13.96%	15.73%	16.53%	19.83%	18.62%	23.98%	21.21%	16.59%	17.31%	18.12%	18.66%	21.66%	17.37%	16.17%	21.35%	14.15%	16.39%	20.66%	17.22%	20.99%	16.36%	21.74%	20.80%	21.22%	21.54%	21.47%	13.73%	18.92%	15.86%	15.00%	17.96%	18.37%	19.61%	17.62%	20.93%	22.35%	15.45%	18.67%	21.01%	18.45%	18.57%	14.86%	15.14%	28.27%	13.50%	0.66%	10.77%	17.61%	18.29%					
																																																																																																																																	
24	Против всех	9599	69	101	87	117	49	74	101	78	108	84	72	98	76	57	90	73	94	89	72	101	81	91	103	59	87	54	75	51	71	76	72	75	74	73	56	51	78	45	61	71	91	75	123	71	71	67	64	88	94	110	100	76	93	87	68	60	66	87	67	49	102	68	70	96	125	82	51	111	99	37	175	141	74	72	59	54	84	103	109	76	83	76	91	74	75	64	82	47	109	70	65	75	74	77	69	51	88	83	102	63	54	98	95	107	93	50	66	87	73	57	94	100	93	55	142	86	76	25	6	2	59	74					
		6.70%	5.57%	8.59%	7.51%	8.97%	6.08%	7.05%	7.08%	5.64%	7.73%	7.18%	6.70%	6.72%	5.88%	5.38%	7.35%	5.97%	7.11%	6.53%	5.78%	7.55%	6.16%	5.88%	7.35%	6.00%	6.65%	5.98%	6.62%	4.66%	7.56%	6.41%	5.86%	6.57%	5.94%	6.83%	5.70%	4.75%	8.72%	5.97%	6.39%	6.43%	6.21%	6.12%	8.45%	7.36%	6.33%	6.15%	5.13%	7.13%	9.51%	7.82%	6.85%	6.45%	7.45%	6.73%	4.35%	4.57%	6.08%	6.59%	7.61%	6.19%	6.27%	5.50%	6.15%	7.00%	8.28%	8.32%	4.92%	8.28%	6.43%	5.36%	9.71%	9.24%	6.05%	6.49%	5.69%	4.08%	7.18%	7.89%	9.27%	6.77%	7.69%	7.56%	8.82%	5.78%	5.66%	5.73%	6.94%	5.04%	9.24%	6.17%	5.39%	6.56%	6.90%	9.33%	5.93%	4.84%	4.89%	6.18%	7.42%	7.15%	5.38%	8.05%	8.10%	8.04%	7.83%	4.60%	6.43%	6.85%	7.09%	8.15%	7.02%	7.00%	6.50%	6.46%	9.13%	6.71%	5.40%	5.72%	1.32%	0.51%	6.53%	7.12%					
																																																																																																																																	
																																																																																																																																	
																																																																																																																																	
																																																																																																																																	
																																																																																																																																	
																																																																																																																																	
																																																																																																																																	
																																																																																																																																	
																																																																																																																																	
																																																																																																																																	
																																																																																																																																	
																																																																																																																																	
																																																																																																																																	
																																																																																																																																	
																																																																																																																																	
