Выборы Президента Российской Федерации																																																			
Дата голосования: 02.03.2008																																																			
																																																			
Наименование Избирательной комиссии:    Акбулакская																																																			
																																																			
Сводная таблица результатов выборов																																																			
																																																			
	Число участковых избирательных комиссий	44																																																	
	"Число участковых избирательных комиссий, приступивших к передаче сведений"	44																																																	
																																																			
		Сумма	УИК №86	УИК №87	УИК №88	УИК №89	УИК №90	УИК №91	УИК №92	УИК №93	УИК №94	УИК №95	УИК №96	УИК №97	УИК №98	УИК №99	УИК №100	УИК №101	УИК №102	УИК №103	УИК №104	УИК №105	УИК №106	УИК №107	УИК №108	УИК №109	УИК №110	УИК №111	УИК №112	УИК №113	УИК №114	УИК №115	УИК №116	УИК №117	УИК №118	УИК №119	УИК №120	УИК №121	УИК №122	УИК №123	УИК №124	УИК №125	УИК №126	УИК №127	УИК №128	УИК №129					
1	"Число избирателей, включенных в списки избирателей"	20051	2271	1989	2838	2594	973	191	206	314	132	134	140	554	109	269	78	439	77	62	86	374	60	149	491	29	10	437	407	74	256	616	108	423	865	101	28	95	46	197	495	72	98	612	67	485					
2	"Число избирательных бюллетеней, полученных участковыми избирательными комиссиями"	20504	2300	2000	2900	2600	940	200	210	327	142	150	142	540	108	284	90	536	84	70	94	382	60	150	526	30	12	438	420	74	276	636	110	438	890	100	30	94	52	193	500	76	116	620	74	490					
3	"Число избирательных бюллетеней, выданных избирателям, проголосовавшим досрочно"	0	0	0	0	0	0	0	0	0	0	0	0	0	0	0	0	0	0	0	0	0	0	0	0	0	0	0	0	0	0	0	0	0	0	0	0	0	0	0	0	0	0	0	0	0					
4	"Число избирательных бюллетеней, выданных в помещениях для голосования в день голосования"	13963	1182	1031	1586	1483	527	168	172	294	118	104	127	487	84	258	78	366	64	59	84	341	56	124	401	29	10	349	297	74	224	526	98	386	722	69	27	80	43	187	406	66	78	585	63	450					
5	"Число избирательных бюллетеней, выданных вне помещений для голосования в день голосования"	902	112	98	117	80	89	4	21	2	0	12	0	18	7	11	0	34	13	0	0	22	0	11	28	0	0	10	20	0	27	53	4	28	45	8	0	0	0	6	0	0	0	8	0	14					
6	Число погашенных избирательных бюллетеней	5639	1006	871	1197	1037	324	28	17	31	24	34	15	35	17	15	12	136	7	11	10	19	4	15	97	1	2	79	103	0	25	57	8	24	123	23	3	14	9	0	94	10	38	27	11	26					
7	Число избирательных бюллетеней в переносных ящиках для голосования	902	112	98	117	80	89	4	21	2	0	12	0	18	7	11	0	34	13	0	0	22	0	11	28	0	0	10	20	0	27	53	4	28	45	8	0	0	0	6	0	0	0	8	0	14					
8	Число бюллетеней в стационарных ящиках для голосования	13962	1182	1031	1586	1483	527	168	172	294	118	104	127	487	84	258	78	366	64	59	84	341	56	124	401	29	10	349	297	74	223	526	98	386	722	69	27	80	43	187	406	66	78	585	63	450					
9	Число недействительных избирательных бюллетеней	146	15	7	17	11	4	0	0	3	0	3	0	13	2	15	0	3	0	0	0	3	1	0	3	0	0	4	3	2	5	13	1	2	8	0	0	0	0	2	0	0	0	5	0	1					
10	Число действительных избирательных бюллетеней	14718	1279	1122	1686	1552	612	172	193	293	118	113	127	492	89	254	78	397	77	59	84	360	55	135	426	29	10	355	314	72	245	566	101	412	759	77	27	80	43	191	406	66	78	588	63	463					
11	Число полученных открепительных  удостоверений	190	11	8	20	25	6	0	9	0	1	6	0	4	2	6	9	17	0	9	0	6	0	0	6	0	0	1	4	0	8	7	3	3	6	0	0	0	0	2	0	0	0	5	0	6					
12	"Число открепительных удостоверений, выданных избирателям на избирательных участках"	190	11	8	20	25	6	0	9	0	1	6	0	4	2	6	9	17	0	9	0	6	0	0	6	0	0	1	4	0	8	7	3	3	6	0	0	0	0	2	0	0	0	5	0	6					
13	"Число избирателей, проголосовавших по открепительным удостоверениям"	109	17	4	4	15	2	0	0	1	7	0	0	22	0	1	0	6	1	1	0	0	0	0	2	1	0	0	1	6	0	2	1	2	3	1	0	1	0	4	0	0	1	1	0	2					
14	Число неиспользованных открепительных удостоверений	0	0	0	0	0	0	0	0	0	0	0	0	0	0	0	0	0	0	0	0	0	0	0	0	0	0	0	0	0	0	0	0	0	0	0	0	0	0	0	0	0	0	0	0	0					
15	"Число открепительных удостоверений, выданных избирателям ТИК"	10	0	0	1	2	0	1	0	0	0	0	0	0	0	0	0	0	0	0	0	0	0	0	1	0	0	0	0	0	0	0	0	0	1	0	0	0	0	0	2	0	0	1	1	0					
16	Число утраченных избирательных бюллетеней	0	0	0	0	0	0	0	0	0	0	0	0	0	0	0	0	0	0	0	0	0	0	0	0	0	0	0	0	0	0	0	0	0	0	0	0	0	0	0	0	0	0	0	0	0					
17	"Число избирательных бюллетеней, не учтенных при получении"	0	0	0	0	0	0	0	0	0	0	0	0	0	0	0	0	0	0	0	0	0	0	0	0	0	0	0	0	0	0	0	0	0	0	0	0	0	0	0	0	0	0	0	0	0					
17а	Число утраченных открепительных удостоверений	0	0	0	0	0	0	0	0	0	0	0	0	0	0	0	0	0	0	0	0	0	0	0	0	0	0	0	0	0	0	0	0	0	0	0	0	0	0	0	0	0	0	0	0	0					
17б	"Число открепительных удостоверений, не учтенных при получении"	0	0	0	0	0	0	0	0	0	0	0	0	0	0	0	0	0	0	0	0	0	0	0	0	0	0	0	0	0	0	0	0	0	0	0	0	0	0	0	0	0	0	0	0	0					
"Число голосов избирателей, поданных за каждый список"																																																			
18	Богданов Андрей Владимирович	91	8	8	8	12	5	1	1	1	1	0	0	4	0	1	0	1	0	0	3	0	0	1	5	0	0	4	3	0	3	2	0	2	2	0	0	0	0	1	3	0	1	8	0	2					
		0.61%	0.62%	0.71%	0.47%	0.77%	0.81%	0.58%	0.52%	0.34%	0.85%	0.00%	0.00%	0.79%	0.00%	0.37%	0.00%	0.25%	0.00%	0.00%	3.57%	0.00%	0.00%	0.74%	1.17%	0.00%	0.00%	1.11%	0.95%	0.00%	1.20%	0.35%	0.00%	0.48%	0.26%	0.00%	0.00%	0.00%	0.00%	0.52%	0.74%	0.00%	1.28%	1.35%	0.00%	0.43%					
19	Жириновский Владимир Вольфович	828	96	88	165	115	37	3	15	5	6	4	1	21	10	18	0	9	1	0	7	18	0	8	12	4	0	23	19	1	9	13	0	18	33	3	0	0	3	4	23	1	11	9	0	15					
		5.57%	7.42%	7.79%	9.69%	7.36%	6.01%	1.74%	7.77%	1.69%	5.08%	3.45%	0.79%	4.16%	10.99%	6.69%	0.00%	2.25%	1.30%	0.00%	8.33%	4.96%	0.00%	5.93%	2.80%	13.79%	0.00%	6.41%	5.99%	1.35%	3.60%	2.25%	0.00%	4.35%	4.30%	3.90%	0.00%	0.00%	6.98%	2.07%	5.67%	1.52%	14.10%	1.52%	0.00%	3.23%					
20	Зюганов Геннадий Андреевич	2571	233	234	343	334	129	49	18	38	11	20	7	103	9	29	6	85	15	14	10	21	15	8	109	3	0	76	53	4	24	87	24	91	138	24	2	22	7	23	52	16	11	58	4	12					
		17.30%	18.01%	20.73%	20.14%	21.37%	20.94%	28.49%	9.33%	12.84%	9.32%	17.24%	5.51%	20.40%	9.89%	10.78%	7.69%	21.25%	19.48%	23.73%	11.90%	5.79%	26.79%	5.93%	25.41%	10.34%	0.00%	21.17%	16.72%	5.41%	9.60%	15.03%	23.53%	21.98%	17.99%	31.17%	7.41%	27.50%	16.28%	11.92%	12.81%	24.24%	14.10%	9.78%	6.35%	2.59%					
21	Медведев Дмитрий Анатольевич	11228	942	792	1170	1091	441	119	159	249	100	89	119	364	70	206	72	302	61	45	64	321	40	118	300	22	10	252	239	67	209	464	77	301	586	50	25	58	33	163	328	49	55	513	59	434					
		75.54%	72.80%	70.15%	68.70%	69.80%	71.59%	69.19%	82.38%	84.12%	84.75%	76.72%	93.70%	72.08%	76.92%	76.58%	92.31%	75.50%	79.22%	76.27%	76.19%	88.43%	71.43%	87.41%	69.93%	75.86%	100.00%	70.19%	75.39%	90.54%	83.60%	80.14%	75.49%	72.71%	76.40%	64.94%	92.59%	72.50%	76.74%	84.46%	80.79%	74.24%	70.51%	86.51%	93.65%	93.53%					
																																																			
																																																			
																																																			
																																																			
																																																			
																																																			
																																																			
																																																			
																																																			
																																																			
																																																			
																																																			
																																																			
																																																			
																																																			
																																																			
																																																			
																																																			
