Выборы Президента Российской Федерации																																																																						
Дата голосования: 02.03.2008																																																																						
																																																																						
"Наименование Избирательной комиссии:    Брянск, Бежицкая"																																																																						
																																																																						
Сводная таблица результатов выборов																																																																						
																																																																						
	Число участковых избирательных комиссий	63																																																																				
	"Число участковых избирательных комиссий, приступивших к передаче сведений"	63																																																																				
																																																																						
		Сумма	УИК №1	УИК №2	УИК №3	УИК №4	УИК №5	УИК №6	УИК №7	УИК №8	УИК №9	УИК №10	УИК №11	УИК №12	УИК №13	УИК №14	УИК №15	УИК №16	УИК №17	УИК №18	УИК №19	УИК №20	УИК №21	УИК №22	УИК №23	УИК №24	УИК №25	УИК №26	УИК №27	УИК №28	УИК №29	УИК №30	УИК №31	УИК №32	УИК №33	УИК №34	УИК №35	УИК №36	УИК №37	УИК №38	УИК №39	УИК №40	УИК №41	УИК №42	УИК №43	УИК №44	УИК №45	УИК №46	УИК №47	УИК №48	УИК №49	УИК №50	УИК №51	УИК №52	УИК №53	УИК №54	УИК №55	УИК №56	УИК №57	УИК №58	УИК №59	УИК №60	УИК №61	УИК №62	УИК №63					
1	"Число избирателей, включенных в списки избирателей"	132592	1318	2615	2222	1679	2712	2290	1972	1752	1713	1808	1765	1912	2332	2304	1724	1940	2238	2181	2559	2363	2214	2191	2921	2541	2340	1810	1903	2402	1733	2155	2362	2708	2999	2380	2978	2043	2162	2182	1495	1969	2381	2350	1699	2362	2316	1234	2254	1146	2642	1061	1653	2261	2726	533	2314	2575	2481	2727	1333	1881	1934	1778	2064					
2	"Число избирательных бюллетеней, полученных участковыми избирательными комиссиями"	126750	1170	2450	2150	1600	2580	2240	1900	1670	1670	1700	1770	1800	2230	2180	1670	1900	2170	2150	2470	2300	2150	2100	2800	2450	2270	1700	1800	2400	1650	2130	2300	2600	2180	2300	2800	1980	2100	2120	1400	1900	2300	2250	1650	2300	2260	1040	2240	1080	2500	1000	1550	2200	2600	700	2200	2500	2400	2550	1260	1770	1850	1650	2000					
3	"Число избирательных бюллетеней, выданных избирателям, проголосовавшим досрочно"	0	0	0	0	0	0	0	0	0	0	0	0	0	0	0	0	0	0	0	0	0	0	0	0	0	0	0	0	0	0	0	0	0	0	0	0	0	0	0	0	0	0	0	0	0	0	0	0	0	0	0	0	0	0	0	0	0	0	0	0	0	0	0	0					
4	"Число избирательных бюллетеней, выданных в помещениях для голосования в день голосования"	66584	638	1557	944	901	1202	1051	921	900	915	886	804	905	1024	992	857	970	1171	1100	1288	1147	1092	1059	1430	1195	1223	907	1040	1073	843	1009	1099	1193	1175	1099	1746	1035	1221	1172	707	1034	1162	1244	1061	1410	1336	619	1221	618	1539	539	816	1321	1287	460	1134	1233	1282	1243	646	760	1041	972	1115					
5	"Число избирательных бюллетеней, выданных вне помещений для голосования в день голосования"	5450	168	131	398	49	108	56	120	88	55	44	70	42	47	50	45	46	38	20	46	69	171	69	51	67	46	250	131	93	58	39	56	78	55	108	34	181	59	63	81	73	60	43	44	88	63	136	99	26	58	108	174	55	81	0	109	48	92	110	106	328	33	89	47					
6	Число погашенных избирательных бюллетеней	54716	364	762	808	650	1270	1133	859	682	700	770	896	853	1159	1138	768	884	961	1030	1136	1084	887	972	1319	1188	1001	543	629	1234	749	1082	1145	1329	950	1093	1020	764	820	885	612	793	1078	963	545	802	861	285	920	436	903	353	560	824	1232	240	957	1219	1026	1197	508	682	776	589	838					
7	Число избирательных бюллетеней в переносных ящиках для голосования	5450	168	131	398	49	108	56	120	88	55	44	70	42	47	50	45	46	38	20	46	69	171	69	51	67	46	250	131	93	58	39	56	78	55	108	34	181	59	63	81	73	60	43	44	88	63	136	99	26	58	108	174	55	81	0	109	48	92	110	106	328	33	89	47					
8	Число бюллетеней в стационарных ящиках для голосования	66579	638	1557	944	901	1202	1050	921	900	915	886	804	905	1024	992	857	970	1170	1100	1286	1147	1092	1059	1430	1195	1223	907	1040	1073	843	1009	1099	1193	1175	1099	1746	1035	1221	1172	707	1034	1162	1244	1061	1410	1336	619	1220	618	1539	539	816	1321	1287	460	1134	1233	1282	1243	646	760	1041	972	1115					
9	Число недействительных избирательных бюллетеней	843	3	14	19	9	11	12	5	8	8	7	8	7	16	9	7	17	9	18	15	11	13	21	15	9	9	11	7	10	17	18	18	19	9	11	33	10	15	23	12	10	12	19	28	25	33	6	13	9	19	7	3	26	14	7	10	18	15	16	1	9	19	16	15					
10	Число действительных избирательных бюллетеней	71186	803	1674	1323	941	1299	1094	1036	980	962	923	866	940	1055	1033	895	999	1199	1102	1317	1205	1250	1107	1466	1253	1260	1146	1164	1156	884	1030	1137	1252	1221	1196	1747	1206	1265	1212	776	1097	1210	1268	1077	1473	1366	749	1306	635	1578	640	987	1350	1354	453	1233	1263	1359	1337	751	1079	1055	1045	1147					
11	Число полученных открепительных  удостоверений	2017	40	45	35	55	30	35	30	95	70	25	20	20	30	30	10	20	20	25	40	25	30	20	45	25	30	20	20	30	25	25	30	30	30	35	60	25	40	35	15	30	25	25	120	37	35	15	40	20	40	10	10	35	30	0	25	35	30	35	15	30	35	30	40					
12	"Число открепительных удостоверений, выданных избирателям на избирательных участках"	1728	18	44	30	53	26	30	26	78	70	19	19	13	24	27	10	19	20	25	30	19	25	20	33	22	23	17	15	22	16	21	27	23	28	32	47	23	36	33	12	27	19	20	112	37	35	12	40	18	35	9	8	30	25	0	25	29	24	28	15	18	29	24	34					
13	"Число избирателей, проголосовавших по открепительным удостоверениям"	1293	10	64	10	12	13	20	12	14	19	15	12	15	19	15	12	17	18	9	20	15	9	11	24	17	16	11	25	19	21	8	19	19	7	16	48	18	28	14	33	32	19	22	135	26	26	20	21	15	30	10	14	17	18	20	16	17	19	12	10	34	18	14	24					
14	Число неиспользованных открепительных удостоверений	289	22	1	5	2	4	5	4	17	0	6	1	7	6	3	0	1	0	0	10	6	5	0	12	3	7	3	5	8	9	4	3	7	2	3	13	2	4	2	3	3	6	5	8	0	0	3	0	2	5	1	2	5	5	0	0	6	6	7	0	12	6	6	6					
15	"Число открепительных удостоверений, выданных избирателям ТИК"	8	0	0	0	0	0	0	0	0	0	0	0	0	0	0	0	0	1	0	0	1	0	0	0	0	0	0	0	0	0	1	0	0	0	0	1	1	0	0	0	0	0	1	1	0	0	0	0	0	1	0	0	0	0	0	0	0	0	0	0	0	0	0	0					
16	Число утраченных избирательных бюллетеней	0	0	0	0	0	0	0	0	0	0	0	0	0	0	0	0	0	0	0	0	0	0	0	0	0	0	0	0	0	0	0	0	0	0	0	0	0	0	0	0	0	0	0	0	0	0	0	0	0	0	0	0	0	0	0	0	0	0	0	0	0	0	0	0					
17	"Число избирательных бюллетеней, не учтенных при получении"	0	0	0	0	0	0	0	0	0	0	0	0	0	0	0	0	0	0	0	0	0	0	0	0	0	0	0	0	0	0	0	0	0	0	0	0	0	0	0	0	0	0	0	0	0	0	0	0	0	0	0	0	0	0	0	0	0	0	0	0	0	0	0	0					
17а	Число утраченных открепительных удостоверений	0	0	0	0	0	0	0	0	0	0	0	0	0	0	0	0	0	0	0	0	0	0	0	0	0	0	0	0	0	0	0	0	0	0	0	0	0	0	0	0	0	0	0	0	0	0	0	0	0	0	0	0	0	0	0	0	0	0	0	0	0	0	0	0					
17б	"Число открепительных удостоверений, не учтенных при получении"	0	0	0	0	0	0	0	0	0	0	0	0	0	0	0	0	0	0	0	0	0	0	0	0	0	0	0	0	0	0	0	0	0	0	0	0	0	0	0	0	0	0	0	0	0	0	0	0	0	0	0	0	0	0	0	0	0	0	0	0	0	0	0	0					
"Число голосов избирателей, поданных за каждый список"																																																																						
18	Богданов Андрей Владимирович	1061	4	22	27	10	18	11	15	15	14	12	10	15	14	17	17	10	14	10	24	16	26	18	17	14	19	15	9	14	12	13	8	25	20	21	37	28	30	25	14	14	20	22	27	13	24	16	21	9	33	7	9	26	18	7	20	11	17	21	5	5	13	23	20					
		1.47%	0.50%	1.30%	2.01%	1.05%	1.37%	0.99%	1.44%	1.52%	1.44%	1.29%	1.14%	1.58%	1.31%	1.63%	1.88%	0.98%	1.16%	0.89%	1.80%	1.32%	2.06%	1.60%	1.15%	1.11%	1.50%	1.30%	0.77%	1.20%	1.33%	1.24%	0.69%	1.97%	1.63%	1.74%	2.08%	2.30%	2.34%	2.02%	1.78%	1.26%	1.64%	1.71%	2.44%	0.87%	1.72%	2.12%	1.59%	1.40%	2.07%	1.08%	0.91%	1.89%	1.32%	1.52%	1.61%	0.86%	1.24%	1.55%	0.66%	0.46%	1.21%	2.17%	1.72%					
19	Жириновский Владимир Вольфович	7135	92	204	124	100	110	104	107	104	105	118	115	108	134	113	86	89	108	139	144	51	123	93	151	136	126	124	115	116	87	131	116	144	130	121	171	95	120	116	83	96	119	114	119	113	128	60	138	45	153	62	109	122	150	39	125	107	136	125	57	98	137	110	120					
		9.91%	11.41%	12.09%	9.24%	10.53%	8.40%	9.40%	10.28%	10.53%	10.82%	12.69%	13.16%	11.40%	12.51%	10.84%	9.53%	8.76%	8.94%	12.41%	10.81%	4.19%	9.74%	8.24%	10.20%	10.78%	9.93%	10.72%	9.82%	9.95%	9.66%	12.50%	10.04%	11.33%	10.57%	10.02%	9.61%	7.81%	9.38%	9.39%	10.53%	8.67%	9.74%	8.86%	10.77%	7.54%	9.15%	7.95%	10.46%	6.99%	9.58%	9.58%	11.01%	8.87%	10.96%	8.48%	10.06%	8.35%	9.90%	9.24%	7.58%	9.01%	12.76%	10.37%	10.33%					
20	Зюганов Геннадий Андреевич	22467	181	490	352	255	422	368	316	308	272	275	284	288	311	345	267	356	458	391	476	439	462	408	469	456	416	318	312	362	306	312	376	379	416	402	471	364	446	389	222	407	446	441	298	418	442	212	436	223	491	174	250	444	418	150	387	432	445	383	235	210	308	307	370					
		31.19%	22.46%	29.03%	26.23%	26.84%	32.21%	33.27%	30.36%	31.17%	28.04%	29.57%	32.49%	30.41%	29.04%	33.11%	29.60%	35.04%	37.91%	34.91%	35.74%	36.10%	36.58%	36.17%	31.67%	36.13%	32.78%	27.48%	26.64%	31.05%	33.96%	29.77%	32.55%	29.82%	33.82%	33.31%	26.46%	29.93%	34.84%	31.50%	28.17%	36.77%	36.50%	34.27%	26.97%	27.90%	31.59%	28.08%	33.06%	34.63%	30.75%	26.89%	25.25%	32.27%	30.56%	32.61%	31.13%	33.72%	32.39%	28.31%	31.25%	19.30%	28.68%	28.93%	31.84%					
21	Медведев Дмитрий Анатольевич	40523	526	958	820	576	749	611	598	553	571	518	457	529	596	558	525	544	619	562	673	699	639	588	829	647	699	689	728	664	479	574	637	704	655	652	1068	719	669	682	457	580	625	691	633	929	772	461	711	358	901	397	619	758	768	257	701	713	761	808	454	766	597	605	637					
		56.26%	65.26%	56.75%	61.10%	60.63%	57.18%	55.24%	57.44%	55.97%	58.87%	55.70%	52.29%	55.86%	55.65%	53.55%	58.20%	53.54%	51.24%	50.18%	50.53%	57.48%	50.59%	52.13%	55.98%	51.27%	55.08%	59.55%	62.17%	56.95%	53.16%	54.77%	55.15%	55.39%	53.25%	54.02%	60.00%	59.13%	52.27%	55.22%	57.99%	52.39%	51.15%	53.69%	57.29%	62.02%	55.18%	61.06%	53.90%	55.59%	56.42%	61.36%	62.53%	55.09%	56.14%	55.87%	56.40%	55.66%	55.39%	59.72%	60.37%	70.40%	55.59%	57.02%	54.82%					
																																																																						
																																																																						
																																																																						
																																																																						
																																																																						
																																																																						
																																																																						
																																																																						
																																																																						
																																																																						
																																																																						
																																																																						
																																																																						
																																																																						
																																																																						
																																																																						
																																																																						
																																																																						
