Выборы Президента Российской Федерации																																																																		
Дата голосования: 04.03.2012																																																																		
																																																																		
Наименование Избирательной комиссии:    Погарская																																																																		
																																																																		
Сводная таблица итогов голосования																																																																		
																																																																		
	Число участковых избирательных комиссий	55																																																																
	Число участковых избирательных комиссий, приступивших к передаче сведений	55																																																																
																																																																		
		Сумма	УИК №709	УИК №710	УИК №711	УИК №712	УИК №713	УИК №714	УИК №715	УИК №716	УИК №717	УИК №718	УИК №719	УИК №720	УИК №721	УИК №722	УИК №723	УИК №724	УИК №725	УИК №726	УИК №727	УИК №728	УИК №729	УИК №730	УИК №731	УИК №732	УИК №733	УИК №734	УИК №735	УИК №736	УИК №737	УИК №738	УИК №739	УИК №740	УИК №741	УИК №742	УИК №743	УИК №744	УИК №745	УИК №746	УИК №747	УИК №748	УИК №749	УИК №750	УИК №751	УИК №752	УИК №753	УИК №754	УИК №755	УИК №756	УИК №757	УИК №758	УИК №759	УИК №760	УИК №761	УИК №762	УИК №763									
1	Число избирателей, включенных в список избирателей	24628	1714	1578	1973	645	934	379	752	713	226	88	669	435	144	169	269	152	121	548	538	336	681	347	257	256	605	433	484	282	82	167	453	284	107	378	194	543	475	326	122	269	435	224	150	314	542	136	731	563	228	328	473	528	437	302	109									
2	Число избирательных бюллетеней, полученных участковой избирательной комиссией	25585	1766	1595	1959	628	960	382	752	748	251	104	685	442	140	200	260	150	120	584	566	355	711	370	272	275	620	462	496	290	85	176	468	291	115	402	213	572	496	350	134	286	454	246	161	342	584	148	782	592	234	340	488	559	480	324	120									
3	Число избирательных бюллетеней, выданных избирателям, проголосовавшим досрочно	0	0	0	0	0	0	0	0	0	0	0	0	0	0	0	0	0	0	0	0	0	0	0	0	0	0	0	0	0	0	0	0	0	0	0	0	0	0	0	0	0	0	0	0	0	0	0	0	0	0	0	0	0	0	0	0									
4	Число избирательных бюллетеней, выданных в помещении для голосования в день голосования	14834	1036	928	1168	453	597	236	442	450	133	54	407	322	87	132	127	53	61	333	417	193	379	210	145	167	310	192	241	161	49	94	269	199	68	232	123	397	316	222	84	190	247	141	84	205	267	48	502	338	140	179	254	299	248	166	39									
5	Число избирательных бюллетеней, выданных вне помещения для голосования в день голосования	3767	57	64	191	30	32	10	48	81	73	29	52	53	23	37	58	49	31	122	106	81	188	90	96	49	114	101	176	67	24	51	153	63	37	70	53	81	101	59	21	40	63	41	23	54	107	33	51	88	30	82	71	94	52	67	50									
6	Число погашенных избирательных бюллетеней	6984	673	603	600	145	331	136	262	217	45	21	226	67	30	31	75	48	28	129	43	81	144	70	31	59	196	169	79	62	12	31	46	29	10	100	37	94	79	69	29	56	144	64	54	83	210	67	229	166	64	79	163	166	180	91	31									
7	Число избирательных бюллетеней в переносных ящиках для голосования	3767	57	64	191	30	32	10	48	81	73	29	52	53	23	37	58	49	31	122	106	81	188	90	96	49	114	101	176	67	24	51	153	63	37	70	53	81	101	59	21	40	63	41	23	54	107	33	51	88	30	82	71	94	52	67	50									
8	Число бюллетеней в стационарных ящиках для голосования	14829	1031	928	1168	453	597	236	442	450	133	54	407	322	87	132	127	53	61	333	417	193	379	210	145	167	310	192	241	161	49	94	269	199	68	232	123	397	316	222	84	190	247	141	84	205	267	48	502	338	140	179	254	299	248	166	39									
9	Число недействительных избирательных бюллетеней	173	18	15	20	11	5	3	8	6	1	2	4	3	1	1	3	0	0	1	4	3	7	0	0	2	2	2	0	2	0	3	0	2	1	1	0	3	1	3	0	0	1	0	0	0	2	0	7	5	1	3	5	3	5	2	1									
10	Число действительных избирательных бюллетеней	18423	1070	977	1339	472	624	243	482	525	205	81	455	372	109	168	182	102	92	454	519	271	560	300	241	214	422	291	417	226	73	142	422	260	104	301	176	475	416	278	105	230	309	182	107	259	372	81	546	421	169	258	320	390	295	231	88									
11	Число полученных открепительных  удостоверений	690	27	16	27	9	9	11	5	29	15	10	21	13	10	5	5	5	5	27	15	15	16	10	10	11	10	16	5	5	5	5	10	10	5	17	8	13	13	12	6	10	13	15	5	12	29	5	17	10	5	13	15	25	26	16	8									
12	Число открепительных удостоверений, выданных избирателям на избирательном участке	690	27	16	27	9	9	11	5	29	15	10	21	13	10	5	5	5	5	27	15	15	16	10	10	11	10	16	5	5	5	5	10	10	5	17	8	13	13	12	6	10	13	15	5	12	29	5	17	10	5	13	15	25	26	16	8									
13	Число избирателей, проголосовавших по открепительным удостоверениям	359	16	19	20	52	14	12	8	4	2	0	16	83	8	5	4	1	1	5	5	2	3	0	0	2	3	2	2	3	3	1	2	2	2	0	1	6	2	1	1	0	5	0	2	0	2	5	5	5	4	4	5	5	1	3	0									
14	Число неиспользованных открепительных удостоверений	0	0	0	0	0	0	0	0	0	0	0	0	0	0	0	0	0	0	0	0	0	0	0	0	0	0	0	0	0	0	0	0	0	0	0	0	0	0	0	0	0	0	0	0	0	0	0	0	0	0	0	0	0	0	0	0									
15	Число открепительных удостоверений, выданных избирателям ТИК	190	26	11	19	7	23	4	2	4	2	0	6	1	1	1	0	1	0	6	1	1	3	0	0	0	4	2	1	0	0	0	0	0	1	1	3	6	7	2	0	2	2	2	0	4	2	0	21	1	0	0	0	2	4	3	1									
16	Число утраченных открепительных удостоверений	0	0	0	0	0	0	0	0	0	0	0	0	0	0	0	0	0	0	0	0	0	0	0	0	0	0	0	0	0	0	0	0	0	0	0	0	0	0	0	0	0	0	0	0	0	0	0	0	0	0	0	0	0	0	0	0									
17	Число утраченных избирательных бюллетеней	0	0	0	0	0	0	0	0	0	0	0	0	0	0	0	0	0	0	0	0	0	0	0	0	0	0	0	0	0	0	0	0	0	0	0	0	0	0	0	0	0	0	0	0	0	0	0	0	0	0	0	0	0	0	0	0									
18	Число избирательных бюллетеней, не учтенных при получении	0	0	0	0	0	0	0	0	0	0	0	0	0	0	0	0	0	0	0	0	0	0	0	0	0	0	0	0	0	0	0	0	0	0	0	0	0	0	0	0	0	0	0	0	0	0	0	0	0	0	0	0	0	0	0	0									
																																																																		
19	Жириновский Владимир Вольфович	1202	95	79	75	38	52	19	34	41	20	3	29	17	7	4	7	5	3	19	30	25	52	23	7	20	25	23	16	13	2	3	14	11	2	12	2	25	14	17	12	19	7	3	4	28	24	9	45	30	20	17	25	23	31	19	3									
		6.46%	8.73%	7.96%	5.52%	7.87%	8.27%	7.72%	6.94%	7.72%	9.71%	3.61%	6.32%	4.53%	6.36%	2.37%	3.78%	4.90%	3.26%	4.18%	5.74%	9.12%	9.17%	7.67%	2.90%	9.26%	5.90%	7.85%	3.84%	5.70%	2.74%	2.07%	3.32%	4.20%	1.90%	3.97%	1.14%	5.23%	3.36%	6.05%	11.43%	8.26%	2.26%	1.65%	3.74%	10.81%	6.42%	11.11%	8.14%	7.04%	11.76%	6.51%	7.69%	5.85%	10.33%	8.15%	3.37%									
20	Зюганов Геннадий Андреевич	2857	213	196	278	89	127	45	73	64	36	3	56	75	24	32	33	16	11	54	90	30	84	22	40	17	67	52	49	52	5	13	41	37	1	17	9	67	48	48	9	15	31	14	11	28	41	18	87	78	28	72	67	55	33	46	10									
		15.36%	19.58%	19.76%	20.46%	18.43%	20.19%	18.29%	14.90%	12.05%	17.48%	3.61%	12.20%	20.00%	21.82%	18.93%	17.84%	15.69%	11.96%	11.87%	17.21%	10.95%	14.81%	7.33%	16.60%	7.87%	15.80%	17.75%	11.75%	22.81%	6.85%	8.97%	9.72%	14.12%	0.95%	5.63%	5.11%	14.02%	11.51%	17.08%	8.57%	6.52%	10.00%	7.69%	10.28%	10.81%	10.96%	22.22%	15.73%	18.31%	16.47%	27.59%	20.62%	13.99%	11.00%	19.74%	11.24%									
21	Миронов Сергей Михайлович	710	49	67	68	25	30	9	35	30	5	1	28	11	1	5	1	9	4	9	18	12	16	13	2	11	15	7	8	1	1	9	2	6	2	12	4	10	8	18	1	12	8	2	0	12	9	1	21	24	3	10	25	4	3	12	1									
		3.82%	4.50%	6.75%	5.00%	5.18%	4.77%	3.66%	7.14%	5.65%	2.43%	1.20%	6.10%	2.93%	0.91%	2.96%	0.54%	8.82%	4.35%	1.98%	3.44%	4.38%	2.82%	4.33%	0.83%	5.09%	3.54%	2.39%	1.92%	0.44%	1.37%	6.21%	0.47%	2.29%	1.90%	3.97%	2.27%	2.09%	1.92%	6.41%	0.95%	5.22%	2.58%	1.10%	0.00%	4.63%	2.41%	1.23%	3.80%	5.63%	1.76%	3.83%	7.69%	1.02%	1.00%	5.15%	1.12%									
22	Прохоров Михаил Дмитриевич	483	52	50	57	16	30	11	15	8	2	2	8	7	2	2	1	1	3	10	15	2	16	4	2	1	7	10	8	2	0	0	5	8	1	5	1	13	8	3	3	2	0	3	2	4	8	1	15	9	3	11	14	10	8	2	0									
		2.60%	4.78%	5.04%	4.19%	3.31%	4.77%	4.47%	3.06%	1.51%	0.97%	2.41%	1.74%	1.87%	1.82%	1.18%	0.54%	0.98%	3.26%	2.20%	2.87%	0.73%	2.82%	1.33%	0.83%	0.46%	1.65%	3.41%	1.92%	0.88%	0.00%	0.00%	1.18%	3.05%	0.95%	1.66%	0.57%	2.72%	1.92%	1.07%	2.86%	0.87%	0.00%	1.65%	1.87%	1.54%	2.14%	1.23%	2.71%	2.11%	1.76%	4.21%	4.31%	2.54%	2.67%	0.86%	0.00%									
23	Путин Владимир Владимирович	13171	661	585	861	304	385	159	325	382	142	72	334	262	75	125	140	71	71	362	366	202	392	238	190	165	308	199	336	158	65	117	360	198	98	255	160	360	338	192	80	182	263	160	90	187	290	52	378	280	115	148	189	298	220	152	74									
		70.83%	60.75%	58.97%	63.36%	62.94%	61.21%	64.63%	66.33%	71.94%	68.93%	86.75%	72.77%	69.87%	68.18%	73.96%	75.68%	69.61%	77.17%	79.56%	69.98%	73.72%	69.14%	79.33%	78.84%	76.39%	72.64%	67.92%	80.58%	69.30%	89.04%	80.69%	85.31%	75.57%	93.33%	84.44%	90.91%	75.31%	81.06%	68.33%	76.19%	79.13%	84.84%	87.91%	84.11%	72.20%	77.54%	64.20%	68.35%	65.73%	67.65%	56.70%	58.15%	75.83%	73.33%	65.24%	83.15%									
																																																																		
																																																																		
																																																																		
																																																																		
																																																																		
																																																																		
																																																																		
																																																																		
																																																																		
																																																																		
																																																																		
																																																																		
																																																																		
																																																																		
																																																																		
																																																																		
																																																																		
																																																																		
																																																																		
																																																																		
																																																																		
																																																																		
																																																																		
																																																																		
																																																																		
																																																																		
																																																																		
