Выборы Президента Российской Федерации																																																																					
Дата голосования: 04.03.2012																																																																					
																																																																					
Наименование Избирательной комиссии:    Тольятти, Центральная																																																																					
																																																																					
Сводная таблица итогов голосования																																																																					
																																																																					
	Число участковых избирательных комиссий	58																																																																			
	Число участковых избирательных комиссий, приступивших к передаче сведений	58																																																																			
																																																																					
		Сумма	УИК №1653	УИК №1654	УИК №1655	УИК №1656	УИК №1657	УИК №1658	УИК №1659	УИК №1660	УИК №1661	УИК №1662	УИК №1663	УИК №1664	УИК №1665	УИК №1666	УИК №1667	УИК №1668	УИК №1669	УИК №1670	УИК №1671	УИК №1672	УИК №1673	УИК №1674	УИК №1675	УИК №1676	УИК №1677	УИК №1678	УИК №1679	УИК №1680	УИК №1681	УИК №1682	УИК №1683	УИК №1684	УИК №1685	УИК №1686	УИК №1687	УИК №1688	УИК №1689	УИК №1690	УИК №1691	УИК №1692	УИК №1693	УИК №1694	УИК №1695	УИК №1696	УИК №1697	УИК №1698	УИК №1699	УИК №1700	УИК №1701	УИК №1702	УИК №1703	УИК №1704	УИК №1705	УИК №1706	УИК №1707	УИК №1708	УИК №1709	УИК №1710									
1	Число избирателей, включенных в список избирателей	126304	2435	1918	2445	2302	2025	2164	2181	2045	1766	2171	2716	2326	1506	1663	2538	2851	2838	2064	2190	2256	2087	2407	2263	2210	2305	2689	2098	2426	2523	2153	2308	2218	2338	2249	2132	2579	2790	2284	2291	2114	1812	2856	2776	2840	2653	2395	2503	2228	2384	2613	2332	2985	2909	1261	208	335	146	204									
2	Число избирательных бюллетеней, полученных участковой избирательной комиссией	119873	2300	1800	2300	2200	2000	2000	2000	2000	1700	2100	2500	2200	1500	1600	2500	2800	2700	2000	2100	2100	2000	2300	2200	2000	2200	2500	2000	2300	2300	2100	2200	2100	2200	2100	2000	2500	2700	2200	2200	2000	1700	2800	2600	2700	2600	2200	2400	2000	1900	2500	2200	2900	2800	1200	197	330	145	201									
3	Число избирательных бюллетеней, выданных избирателям, проголосовавшим досрочно	0	0	0	0	0	0	0	0	0	0	0	0	0	0	0	0	0	0	0	0	0	0	0	0	0	0	0	0	0	0	0	0	0	0	0	0	0	0	0	0	0	0	0	0	0	0	0	0	0	0	0	0	0	0	0	0	0	0	0									
4	Число избирательных бюллетеней, выданных в помещении для голосования в день голосования	69056	1547	1048	1373	1411	1170	1277	1262	1178	1082	1465	1504	1367	1037	1076	1675	1902	1601	803	1240	1223	1200	1217	1080	1280	1286	1400	1268	1391	1317	1171	1345	1295	1149	1308	1107	1426	1377	1287	1178	1021	779	1111	1322	1407	1421	1186	1355	989	686	1332	1121	1753	1727	804	141	264	138	176									
5	Число избирательных бюллетеней, выданных вне помещения для голосования в день голосования	2746	51	45	33	68	103	59	61	92	51	31	29	29	22	21	51	41	28	16	46	88	58	60	68	69	70	54	63	63	65	38	28	44	56	31	32	59	66	45	55	32	26	61	26	25	54	39	50	52	169	44	18	98	14	47	2	0	0	0									
6	Число погашенных избирательных бюллетеней	48070	702	707	894	721	727	663	677	730	567	604	967	804	441	503	774	857	1071	1181	814	789	742	1023	1052	651	844	1046	669	846	918	891	827	761	995	761	861	1015	1257	868	967	947	895	1628	1252	1268	1125	975	995	959	1045	1124	1061	1049	1059	349	54	66	7	25									
7	Число избирательных бюллетеней в переносных ящиках для голосования	2746	51	45	33	68	103	59	61	92	51	31	29	29	22	21	51	41	28	16	46	88	58	60	68	69	70	54	63	63	65	38	28	44	56	31	32	59	66	45	55	32	26	61	26	25	54	39	50	52	169	44	18	98	14	47	2	0	0	0									
8	Число бюллетеней в стационарных ящиках для голосования	69024	1543	1047	1373	1408	1170	1277	1262	1178	1082	1465	1504	1367	1036	1076	1675	1900	1601	803	1240	1223	1200	1215	1080	1278	1285	1399	1267	1389	1317	1170	1345	1295	1149	1308	1106	1426	1376	1287	1178	1021	779	1111	1321	1404	1421	1185	1355	989	685	1331	1119	1753	1727	804	141	264	138	176									
9	Число недействительных избирательных бюллетеней	949	12	16	14	18	18	22	24	16	13	16	14	9	11	15	17	32	19	12	28	11	13	15	16	14	15	17	23	11	13	16	25	25	10	16	13	18	16	14	10	20	7	16	12	17	15	111	11	15	3	11	10	25	20	8	3	6	0	2									
10	Число действительных избирательных бюллетеней	70821	1582	1076	1392	1458	1255	1314	1299	1254	1120	1480	1519	1387	1047	1082	1709	1909	1610	807	1258	1300	1245	1260	1132	1333	1340	1436	1307	1441	1369	1192	1348	1314	1195	1323	1125	1467	1426	1318	1223	1033	798	1156	1335	1412	1460	1113	1394	1026	851	1364	1127	1826	1721	843	140	258	138	174									
11	Число полученных открепительных  удостоверений	1254	35	20	30	20	25	20	35	31	20	20	20	25	20	20	20	30	30	20	20	20	20	20	20	20	25	20	20	20	30	30	20	25	20	25	20	20	25	20	25	20	20	30	20	25	30	20	20	20	20	20	25	25	30	20	3	0	0	0									
12	Число открепительных удостоверений, выданных избирателям на избирательном участке	1017	31	18	27	16	23	17	30	29	14	11	16	22	15	9	17	30	25	14	13	14	10	15	11	19	22	20	15	14	28	26	16	22	17	20	18	12	25	20	23	10	14	27	18	23	30	11	13	10	6	20	22	25	28	14	2	0	0	0									
13	Число избирателей, проголосовавших по открепительным удостоверениям	702	23	12	13	13	11	13	7	14	6	14	7	18	8	5	15	16	8	8	4	12	11	27	13	18	29	10	10	9	7	11	16	8	10	7	12	20	15	14	16	18	7	9	20	6	15	10	11	6	11	9	9	7	6	43	14	4	2	5									
14	Число неиспользованных открепительных удостоверений	237	4	2	3	4	2	3	5	2	6	9	4	3	5	11	3	0	5	6	7	6	10	5	9	1	3	0	5	6	2	4	4	3	3	5	2	8	0	0	2	10	6	3	2	2	0	9	7	10	14	0	3	0	2	6	1	0	0	0									
15	Число открепительных удостоверений, выданных избирателям ТИК	50	2	0	1	1	0	1	1	0	2	3	1	2	0	1	1	0	1	0	1	0	1	0	0	1	1	1	1	0	4	1	0	1	0	0	0	1	0	2	1	0	1	1	1	0	1	1	0	4	1	0	0	5	1	1	0	0	0	0									
16	Число утраченных открепительных удостоверений	0	0	0	0	0	0	0	0	0	0	0	0	0	0	0	0	0	0	0	0	0	0	0	0	0	0	0	0	0	0	0	0	0	0	0	0	0	0	0	0	0	0	0	0	0	0	0	0	0	0	0	0	0	0	0	0	0	0	0									
17	Число утраченных избирательных бюллетеней	1	0	0	0	0	0	1	0	0	0	0	0	0	0	0	0	0	0	0	0	0	0	0	0	0	0	0	0	0	0	0	0	0	0	0	0	0	0	0	0	0	0	0	0	0	0	0	0	0	0	0	0	0	0	0	0	0	0	0									
18	Число избирательных бюллетеней, не учтенных при получении	0	0	0	0	0	0	0	0	0	0	0	0	0	0	0	0	0	0	0	0	0	0	0	0	0	0	0	0	0	0	0	0	0	0	0	0	0	0	0	0	0	0	0	0	0	0	0	0	0	0	0	0	0	0	0	0	0	0	0									
																																																																					
19	Жириновский Владимир Вольфович	5540	128	82	120	100	95	80	78	82	73	69	115	95	62	72	125	137	125	83	95	113	111	98	84	92	91	126	92	125	109	88	112	100	76	80	97	127	132	107	111	97	81	110	121	161	117	93	108	95	82	97	117	129	148	38	13	22	9	15									
		7.72%	8.03%	7.51%	8.53%	6.78%	7.46%	5.99%	5.90%	6.46%	6.44%	4.61%	7.50%	6.81%	5.86%	6.56%	7.24%	7.06%	7.67%	10.13%	7.39%	8.62%	8.82%	7.69%	7.32%	6.83%	6.72%	8.67%	6.92%	8.61%	7.89%	7.28%	8.16%	7.47%	6.31%	5.97%	8.52%	8.55%	9.15%	8.03%	9.00%	9.21%	10.06%	9.39%	8.98%	11.27%	7.93%	7.60%	7.69%	9.13%	9.60%	7.05%	10.29%	6.97%	8.50%	4.47%	9.09%	8.33%	6.52%	8.52%									
20	Зюганов Геннадий Андреевич	16180	330	229	318	346	263	274	289	306	229	321	398	312	265	255	429	476	387	170	326	282	287	253	265	325	291	293	296	362	354	279	310	322	289	312	249	313	289	281	281	233	176	250	314	301	348	241	310	218	199	308	257	430	391	211	22	42	37	36									
		22.54%	20.70%	20.97%	22.62%	23.44%	20.66%	20.51%	21.84%	24.09%	20.21%	21.46%	25.96%	22.35%	25.05%	23.25%	24.86%	24.52%	23.76%	20.76%	25.35%	21.51%	22.81%	19.84%	23.08%	24.13%	21.48%	20.17%	22.26%	24.93%	25.62%	23.10%	22.58%	24.05%	23.98%	23.30%	21.88%	21.08%	20.04%	21.10%	22.79%	22.13%	21.86%	21.33%	23.31%	21.06%	23.59%	19.69%	22.06%	20.94%	23.30%	22.40%	22.60%	23.23%	22.46%	24.79%	15.38%	15.91%	26.81%	20.45%									
21	Миронов Сергей Михайлович	2949	74	48	68	72	57	52	56	50	66	71	53	61	56	39	77	88	52	31	48	52	55	62	44	62	47	48	50	63	53	57	56	56	48	71	47	73	59	53	65	31	36	35	56	47	49	51	56	38	27	42	40	55	78	39	6	8	8	7									
		4.11%	4.64%	4.40%	4.84%	4.88%	4.48%	3.89%	4.23%	3.94%	5.83%	4.75%	3.46%	4.37%	5.29%	3.56%	4.46%	4.53%	3.19%	3.79%	3.73%	3.97%	4.37%	4.86%	3.83%	4.60%	3.47%	3.30%	3.76%	4.34%	3.84%	4.72%	4.08%	4.18%	3.98%	5.30%	4.13%	4.92%	4.09%	3.98%	5.27%	2.94%	4.47%	2.99%	4.16%	3.29%	3.32%	4.17%	3.99%	3.65%	3.16%	3.05%	3.52%	2.97%	4.48%	4.58%	4.20%	3.03%	5.80%	3.98%									
22	Прохоров Михаил Дмитриевич	7525	292	154	155	176	112	217	146	116	125	208	176	204	132	162	165	229	154	71	122	152	98	139	116	140	163	141	134	152	109	110	134	143	126	94	111	125	141	115	101	95	64	107	111	105	188	85	94	80	63	177	97	206	182	160	6	13	15	17									
		10.48%	18.32%	14.10%	11.02%	11.92%	8.80%	16.24%	11.04%	9.13%	11.03%	13.90%	11.48%	14.61%	12.48%	14.77%	9.56%	11.80%	9.45%	8.67%	9.49%	11.59%	7.79%	10.90%	10.10%	10.39%	12.03%	9.70%	10.08%	10.47%	7.89%	9.11%	9.76%	10.68%	10.46%	7.02%	9.75%	8.42%	9.78%	8.63%	8.19%	9.02%	7.95%	9.13%	8.24%	7.35%	12.75%	6.94%	6.69%	7.68%	7.38%	12.87%	8.53%	11.13%	10.45%	18.80%	4.20%	4.92%	10.87%	9.66%									
23	Путин Владимир Владимирович	38627	758	563	731	764	728	691	730	700	627	811	777	715	532	554	913	979	892	452	667	701	694	708	623	714	748	828	735	739	744	658	736	693	656	766	621	829	805	762	665	577	441	654	733	798	758	643	826	595	480	740	616	1006	922	395	93	173	69	99									
		53.82%	47.55%	51.56%	51.99%	51.76%	57.19%	51.72%	55.18%	55.12%	55.34%	54.21%	50.68%	51.22%	50.28%	50.50%	52.90%	50.44%	54.76%	55.19%	51.87%	53.47%	55.17%	55.53%	54.27%	53.01%	55.20%	56.99%	55.26%	50.90%	53.84%	54.47%	53.61%	51.76%	54.44%	57.21%	54.57%	55.82%	55.83%	57.21%	53.93%	54.80%	54.78%	55.80%	54.42%	55.84%	51.39%	52.53%	58.79%	57.16%	56.21%	53.82%	54.18%	54.35%	52.96%	46.42%	65.03%	65.53%	50.00%	56.25%									
																																																																					
																																																																					
																																																																					
																																																																					
																																																																					
																																																																					
																																																																					
																																																																					
																																																																					
																																																																					
																																																																					
																																																																					
																																																																					
																																																																					
																																																																					
																																																																					
																																																																					
																																																																					
																																																																					
																																																																					
																																																																					
																																																																					
																																																																					
																																																																					
																																																																					
																																																																					
																																																																					
