Выборы Президента Российской Федерации																																																													
Дата голосования: 02.03.2008																																																													
																																																													
Наименование Избирательной комиссии:    Новотроицкая городская																																																													
																																																													
Сводная таблица результатов выборов																																																													
																																																													
	Число участковых избирательных комиссий	54																																																											
	"Число участковых избирательных комиссий, приступивших к передаче сведений"	54																																																											
																																																													
		Сумма	УИК №824	УИК №825	УИК №826	УИК №827	УИК №828	УИК №829	УИК №830	УИК №831	УИК №832	УИК №833	УИК №834	УИК №835	УИК №836	УИК №837	УИК №838	УИК №839	УИК №840	УИК №841	УИК №842	УИК №843	УИК №844	УИК №845	УИК №846	УИК №847	УИК №848	УИК №849	УИК №850	УИК №851	УИК №852	УИК №853	УИК №854	УИК №855	УИК №856	УИК №857	УИК №858	УИК №859	УИК №860	УИК №861	УИК №862	УИК №863	УИК №864	УИК №865	УИК №866	УИК №867	УИК №868	УИК №869	УИК №870	УИК №871	УИК №872	УИК №873	УИК №874	УИК №875	УИК №876	УИК №877					
1	"Число избирателей, включенных в списки избирателей"	84294	1061	963	1498	2035	1830	1629	1626	1612	1560	1653	1728	1675	1771	1415	1728	1706	1865	1630	1764	1697	1675	2168	1757	1538	1694	1528	1789	2355	1650	1889	1633	1786	2262	2168	1716	1662	1402	1195	703	2184	994	1733	1363	1098	845	1264	1046	1454	256	557	1948	1487	1369	1680					
2	"Число избирательных бюллетеней, полученных участковыми избирательными комиссиями"	84162	1050	960	1510	2050	1750	1630	1630	1600	1580	1660	1760	1710	1780	1420	1710	1720	1850	1640	1760	1670	1660	2180	1760	1540	1700	1530	1780	2360	1660	1890	1640	1800	2270	2170	1740	1660	1400	1180	700	2060	1000	1710	1330	1100	850	1270	1040	1460	247	550	1955	1490	1360	1680					
3	"Число избирательных бюллетеней, выданных избирателям, проголосовавшим досрочно"	0	0	0	0	0	0	0	0	0	0	0	0	0	0	0	0	0	0	0	0	0	0	0	0	0	0	0	0	0	0	0	0	0	0	0	0	0	0	0	0	0	0	0	0	0	0	0	0	0	0	0	0	0	0	0					
4	"Число избирательных бюллетеней, выданных в помещениях для голосования в день голосования"	61003	780	564	893	1563	1229	1180	1321	1121	1236	1321	1173	873	1480	863	1152	1369	1219	1287	1304	1135	1322	1919	1188	1151	1305	1141	1105	1956	1322	1318	1302	1444	1705	1579	1031	1221	714	845	541	1521	618	1444	1066	760	585	910	685	960	176	389	1468	952	1031	1266					
5	"Число избирательных бюллетеней, выданных вне помещений для голосования в день голосования"	1993	17	23	22	66	107	34	21	30	41	49	97	53	49	34	92	26	24	30	39	29	47	29	30	28	36	25	28	93	24	14	13	34	7	41	42	38	16	40	39	48	57	19	44	46	21	37	60	12	33	16	43	23	6	21					
6	Число погашенных избирательных бюллетеней	21166	253	373	595	421	414	416	288	449	303	290	490	784	251	523	466	325	607	323	417	506	291	232	542	361	359	364	647	311	314	558	325	322	558	550	667	401	670	295	120	491	325	247	220	294	244	323	295	488	38	145	444	515	323	393					
7	Число избирательных бюллетеней в переносных ящиках для голосования	1993	17	23	22	66	107	34	21	30	41	49	97	53	49	34	92	26	24	30	39	29	47	29	30	28	36	25	28	93	24	14	13	34	7	41	42	38	16	40	39	48	57	19	44	46	21	37	60	12	33	16	43	23	6	21					
8	Число бюллетеней в стационарных ящиках для голосования	61003	780	564	893	1563	1229	1180	1321	1121	1236	1321	1173	873	1480	863	1152	1369	1219	1287	1304	1135	1322	1919	1188	1151	1305	1141	1105	1956	1322	1318	1302	1444	1705	1579	1031	1221	714	845	541	1521	618	1444	1066	760	585	910	685	960	176	389	1468	952	1031	1266					
9	Число недействительных избирательных бюллетеней	618	10	4	11	5	10	67	4	14	13	7	2	13	11	17	16	19	24	5	12	7	17	24	13	30	14	5	9	5	12	0	21	14	22	11	6	11	8	6	3	11	4	14	0	9	5	5	9	7	1	6	13	10	9	13					
10	Число действительных избирательных бюллетеней	62378	787	583	904	1624	1326	1147	1338	1137	1264	1363	1268	913	1518	880	1228	1376	1219	1312	1331	1157	1352	1924	1205	1149	1327	1161	1124	2044	1334	1332	1294	1464	1690	1609	1067	1248	722	879	577	1558	671	1449	1110	797	601	942	736	965	208	399	1498	965	1028	1274					
11	Число полученных открепительных  удостоверений	312	4	4	6	8	6	6	6	6	6	6	4	6	7	5	6	6	7	10	9	1	6	8	7	6	6	6	8	7	6	7	6	7	7	7	6	6	5	7	4	7	5	6	5	4	4	5	5	6	3	3	5	3	5	5					
12	"Число открепительных удостоверений, выданных избирателям на избирательных участках"	145	1	1	4	2	3	3	1	2	2	1	0	3	3	4	1	1	5	10	9	1	1	4	4	2	2	3	8	5	1	1	0	7	7	4	6	4	0	5	0	2	0	1	3	0	2	1	1	6	0	3	0	1	0	4					
13	"Число избирателей, проголосовавших по открепительным удостоверениям"	98	11	15	0	0	1	0	2	7	4	0	4	1	1	0	7	5	6	0	1	0	1	3	0	0	0	0	1	0	1	6	1	0	0	0	2	3	2	0	0	0	1	1	0	2	1	0	1	0	0	4	0	1	0	2					
14	Число неиспользованных открепительных удостоверений	167	3	3	2	6	3	3	5	4	4	5	4	3	4	1	5	5	2	0	0	0	5	4	3	4	4	3	0	2	5	6	6	0	0	3	0	2	5	2	4	5	5	5	2	4	2	4	4	0	3	0	5	2	5	1					
15	"Число открепительных удостоверений, выданных избирателям ТИК"	88	3	1	2	3	2	1	0	0	0	1	3	2	4	0	1	2	2	2	1	0	1	2	2	1	0	0	2	1	3	4	4	1	1	2	2	3	1	4	1	2	3	2	1	2	1	0	2	1	0	1	2	3	0	3					
16	Число утраченных избирательных бюллетеней	0	0	0	0	0	0	0	0	0	0	0	0	0	0	0	0	0	0	0	0	0	0	0	0	0	0	0	0	0	0	0	0	0	0	0	0	0	0	0	0	0	0	0	0	0	0	0	0	0	0	0	0	0	0	0					
17	"Число избирательных бюллетеней, не учтенных при получении"	0	0	0	0	0	0	0	0	0	0	0	0	0	0	0	0	0	0	0	0	0	0	0	0	0	0	0	0	0	0	0	0	0	0	0	0	0	0	0	0	0	0	0	0	0	0	0	0	0	0	0	0	0	0	0					
17а	Число утраченных открепительных удостоверений	0	0	0	0	0	0	0	0	0	0	0	0	0	0	0	0	0	0	0	0	0	0	0	0	0	0	0	0	0	0	0	0	0	0	0	0	0	0	0	0	0	0	0	0	0	0	0	0	0	0	0	0	0	0	0					
17б	"Число открепительных удостоверений, не учтенных при получении"	0	0	0	0	0	0	0	0	0	0	0	0	0	0	0	0	0	0	0	0	0	0	0	0	0	0	0	0	0	0	0	0	0	0	0	0	0	0	0	0	0	0	0	0	0	0	0	0	0	0	0	0	0	0	0					
"Число голосов избирателей, поданных за каждый список"																																																													
18	Богданов Андрей Владимирович	897	12	7	18	14	10	8	16	10	12	23	24	11	94	11	21	15	15	16	17	18	13	38	25	22	22	10	28	11	11	21	18	21	33	23	15	17	11	9	8	22	4	13	13	5	5	2	11	7	1	4	20	24	18	20					
		1.42%	1.51%	1.19%	1.97%	0.86%	0.75%	0.66%	1.19%	0.87%	0.94%	1.68%	1.89%	1.19%	6.15%	1.23%	1.69%	1.08%	1.21%	1.21%	1.27%	1.55%	0.95%	1.95%	2.05%	1.87%	1.64%	0.86%	2.47%	0.54%	0.82%	1.58%	1.37%	1.42%	1.93%	1.42%	1.40%	1.35%	1.51%	1.02%	1.38%	1.40%	0.59%	0.89%	1.17%	0.62%	0.83%	0.21%	1.48%	0.72%	0.48%	0.99%	1.32%	2.46%	1.74%	1.55%					
19	Жириновский Владимир Вольфович	7951	93	72	121	167	171	103	113	162	149	157	108	158	259	146	157	176	114	169	179	147	151	242	179	124	131	159	180	266	149	193	177	214	268	194	170	154	130	86	68	253	79	132	115	80	94	106	113	62	24	59	165	156	151	206					
		12.62%	11.67%	12.27%	13.22%	10.25%	12.80%	8.48%	8.42%	14.07%	11.67%	11.46%	8.50%	17.06%	16.94%	16.28%	12.62%	12.62%	9.17%	12.83%	13.33%	12.63%	11.03%	12.42%	14.70%	10.52%	9.77%	13.64%	15.89%	12.98%	11.07%	14.49%	13.46%	14.48%	15.65%	11.98%	15.84%	12.23%	17.81%	9.72%	11.72%	16.12%	11.70%	9.02%	10.36%	9.93%	15.51%	11.19%	15.17%	6.38%	11.48%	14.57%	10.92%	16.00%	14.56%	16.01%					
20	Зюганов Геннадий Андреевич	12503	149	135	215	299	266	243	180	253	283	271	229	235	342	254	210	302	224	269	264	255	296	406	319	210	274	229	178	354	246	228	271	208	253	232	276	236	212	179	106	411	166	235	186	156	88	167	143	264	37	55	326	236	173	269					
		19.85%	18.70%	22.99%	23.50%	18.35%	19.91%	20.02%	13.41%	21.98%	22.16%	19.78%	18.03%	25.38%	22.37%	28.32%	16.88%	21.65%	18.02%	20.43%	19.66%	21.91%	21.62%	20.84%	26.19%	17.81%	20.43%	19.64%	15.71%	17.28%	18.28%	17.12%	20.61%	14.07%	14.78%	14.32%	25.72%	18.75%	29.04%	20.23%	18.28%	26.20%	24.59%	16.06%	16.76%	19.35%	14.52%	17.63%	19.19%	27.16%	17.70%	13.58%	21.58%	24.21%	16.68%	20.90%					
21	Медведев Дмитрий Анатольевич	41027	533	369	550	1144	879	793	1029	712	820	912	907	509	823	469	840	883	866	858	871	737	892	1238	682	793	900	763	738	1413	928	890	828	1021	1136	1160	606	841	369	605	395	872	422	1069	796	556	414	667	469	632	146	281	987	549	686	779					
		65.13%	66.88%	62.86%	60.11%	70.23%	65.79%	65.32%	76.68%	61.86%	64.21%	66.57%	71.42%	54.97%	53.83%	52.29%	67.52%	63.30%	69.67%	65.15%	64.85%	63.32%	65.16%	63.55%	55.99%	67.26%	67.11%	65.44%	65.14%	68.96%	68.95%	66.82%	62.97%	69.08%	66.36%	71.60%	56.48%	66.80%	50.55%	68.36%	68.10%	55.58%	62.52%	73.07%	71.71%	68.98%	68.32%	70.43%	62.95%	65.02%	69.86%	69.38%	65.32%	56.31%	66.15%	60.53%					
																																																													
																																																													
																																																													
																																																													
																																																													
																																																													
																																																													
																																																													
																																																													
																																																													
																																																													
																																																													
																																																													
																																																													
																																																													
																																																													
																																																													
																																																													
