Выборы Президента Российской Федерации																																																																							
																																																																							
Наименование Избирательной комиссии:    Химкинская																																																																							
																																																																							
Итоги голосования 																																																																							
																																																																							
		Сумма	УИК  2890	УИК  2891	УИК  2892	УИК  2893	УИК  2894	УИК  2895	УИК  2896	УИК  2897	УИК  2898	УИК  2899	УИК  2900	УИК  2901	УИК  2902	УИК  2903	УИК  2904	УИК  2905	УИК  2906	УИК  2907	УИК  2908	УИК  2909	УИК  2910	УИК  2911	УИК  2912	УИК  2913	УИК  2914	УИК  2915	УИК  2916	УИК  2917	УИК  2918	УИК  2919	УИК  2920	УИК  2921	УИК  2922	УИК  2923	УИК  2924	УИК  2925	УИК  2926	УИК  2927	УИК  2928	УИК  2929	УИК  2930	УИК  2931	УИК  2932	УИК  2933	УИК  2934	УИК  2935	УИК  2936	УИК  2937	УИК  2938	УИК  2939	УИК  2940	УИК  2941	УИК  2942	УИК  2943	УИК  2944	УИК  2945	УИК  2946	УИК  2947	УИК  2948	УИК  2949	УИК  2950	УИК  2951	УИК  2952	УИК  2953					
1	"Число избирателей, внесенных в список"	144314	2623	2596	2200	2801	2900	2593	2386	2404	2221	2171	2756	2453	2862	2494	2812	2634	2839	2639	2783	2940	2974	2772	2815	2618	2656	2200	2253	2642	2157	2698	2834	2564	2424	2372	2555	2646	2674	2080	2382	2456	2621	2681	2532	2385	3035	2596	2760	2076	983	1192	1195	1354	2305	743	1589	1725	1519	2178	1403	915	1678	380	1115	475					
2	Число полученных избирательных бюллетеней	129970	2350	2310	2000	2600	2650	2380	2160	2170	2020	1960	2470	2250	2590	2260	2450	2390	2580	2390	2490	2660	2480	2520	2560	2300	2420	1970	2040	2400	1960	2420	2590	2330	2200	2110	2300	2360	2430	1730	2020	2240	2380	2450	2290	2300	2380	2330	2420	1870	830	1050	1070	1190	2110	660	1440	1550	1380	1990	1350	800	1450	340	1380	450					
3	"Число избирательных бюллетеней, выданных  досрочно"	0	0	0	0	0	0	0	0	0	0	0	0	0	0	0	0	0	0	0	0	0	0	0	0	0	0	0	0	0	0	0	0	0	0	0	0	0	0	0	0	0	0	0	0	0	0	0	0	0	0	0	0	0	0	0	0	0	0	0	0	0	0	0	0	0					
4	"Число избирательных бюллетеней, выданных в день голосования"	76967	1201	1387	1119	1439	1639	1240	1267	1253	1214	1170	1504	1302	1494	1178	1440	1471	1642	1463	1491	1366	1479	1442	1541	1466	1497	1111	1210	1420	1040	1498	1545	1391	1331	1215	1204	1373	1433	1042	1293	1359	1410	1580	1445	1668	1571	1409	1283	1095	484	624	564	917	1152	385	818	947	798	1107	812	477	921	242	809	279					
5	"Число избирательных бюллетеней, выданных вне помещения"	1826	35	34	41	30	28	25	31	31	37	29	31	29	35	25	113	15	7	10	11	9	128	7	26	29	14	24	19	28	22	7	23	10	17	14	13	16	7	6	11	27	51	16	34	25	58	21	102	11	18	11	46	35	29	13	16	19	13	8	63	31	5	16	108	23					
6	Число погашенных избирательных бюллетеней	51177	1114	889	840	1131	983	1115	862	886	769	761	935	919	1061	1057	897	904	931	917	988	1285	873	1071	993	805	909	835	811	952	898	915	1022	929	852	881	1083	971	990	682	716	854	919	854	811	607	751	900	1035	764	328	415	460	238	929	262	606	584	569	875	475	292	524	82	463	148					
7	Число избирательных бюллетеней в переносных ящиках	1826	35	34	41	30	28	25	31	31	37	29	31	29	35	25	113	15	7	10	11	9	128	7	26	29	14	24	19	28	22	7	23	10	17	14	13	16	7	6	11	27	51	16	34	25	58	21	102	11	18	11	46	35	29	13	16	19	13	8	63	31	5	16	108	23					
8	Число бюллетеней в стационарных ящиках для голосования	76862	1198	1387	1119	1439	1639	1226	1267	1253	1212	1170	1501	1302	1490	1178	1440	1471	1637	1460	1491	1354	1479	1433	1540	1466	1497	1111	1209	1420	1035	1493	1542	1391	1331	1215	1203	1372	1433	1040	1293	1358	1407	1575	1440	1668	1571	1409	1283	1095	484	624	564	917	1152	384	818	931	798	1107	812	477	921	242	809	279					
9	Число недействительных избирательных бюллетеней	509	3	7	5	11	7	14	4	4	6	1	12	14	16	18	0	6	13	7	18	9	10	3	10	0	7	8	17	4	6	8	17	12	4	5	4	11	8	6	5	13	7	9	10	8	11	16	14	9	3	0	3	5	5	6	3	16	10	13	8	5	3	4	7	1					
10	Число действительных избирательных бюллетеней	78179	1230	1414	1155	1458	1660	1237	1294	1280	1243	1198	1520	1317	1509	1185	1553	1480	1631	1463	1484	1354	1597	1437	1556	1495	1504	1127	1211	1444	1051	1492	1548	1389	1344	1224	1212	1377	1432	1040	1299	1372	1451	1582	1464	1685	1618	1414	1371	1097	499	635	607	947	1176	391	831	934	801	1102	867	503	923	254	910	301					
11	Число полученных открепительных  удостоверений	3200	50	50	50	50	50	50	50	50	50	50	50	50	50	50	50	50	50	50	50	50	50	50	50	50	50	50	50	50	50	50	50	50	50	50	50	50	50	50	100	50	50	50	50	50	50	50	50	50	50	50	50	50	50	50	50	50	50	50	50	50	50	50	50	0					
12	Число выданных открепительных удостоверений	1093	13	19	20	29	36	23	17	9	18	12	18	17	24	18	27	18	28	20	16	23	23	13	26	23	20	20	24	33	16	17	10	14	10	14	9	7	16	17	30	28	23	34	28	11	22	8	16	12	3	10	10	6	26	3	8	13	9	13	19	13	9	4	18	0					
13	"Число избирателей, проголосовавших по открепительным удостоверениям"	1167	10	19	13	10	15	26	12	20	11	14	19	6	9	7	19	11	13	10	14	18	23	9	11	13	10	4	9	14	10	30	10	11	8	9	10	5	5	26	21	15	16	12	15	22	22	36	22	22	12	26	13	12	17	3	1	20	1	11	69	27	68	13	154	24					
14	Число неиспользованных открепительных удостоверений	2107	37	31	30	21	14	27	33	41	32	38	32	33	26	32	23	32	22	30	34	27	27	37	24	27	30	30	26	17	34	33	40	36	40	36	41	43	34	33	70	22	27	16	22	39	28	42	34	38	47	40	40	44	24	47	42	37	41	37	31	37	41	46	32	0					
15	"Число открепительных удостоверений, выданных в ТИК"	5	0	0	0	1	0	0	0	0	0	0	0	2	0	0	0	0	0	0	0	0	0	1	0	0	0	0	0	0	0	0	0	0	0	0	0	0	0	0	0	0	0	1	0	0	0	0	0	0	0	0	0	0	0	0	0	0	0	0	0	0	0	0	0	0					
16	Число утраченных избирательных бюллетеней	0	0	0	0	0	0	0	0	0	0	0	0	0	0	0	0	0	0	0	0	0	0	0	0	0	0	0	0	0	0	0	0	0	0	0	0	0	0	0	0	0	0	0	0	0	0	0	0	0	0	0	0	0	0	0	0	0	0	0	0	0	0	0	0	0					
17	Число не учтенных при получении избирательных бюллетеней	0	0	0	0	0	0	0	0	0	0	0	0	0	0	0	0	0	0	0	0	0	0	0	0	0	0	0	0	0	0	0	0	0	0	0	0	0	0	0	0	0	0	0	0	0	0	0	0	0	0	0	0	0	0	0	0	0	0	0	0	0	0	0	0	0					
"Число голосов избирателей, поданных за каждый список"																																																																							
18	. Глазьев Сергей Юрьевич	6143	110	134	116	107	120	102	141	121	100	103	147	100	143	82	128	150	117	144	127	105	127	129	124	106	102	110	112	122	68	150	151	129	123	85	106	103	126	85	56	114	149	106	129	65	57	78	110	77	36	56	27	71	65	17	53	63	53	80	31	32	83	17	34	29					
		7.81%	8.92%	9.43%	10.00%	7.28%	7.20%	8.15%	10.86%	9.42%	8.01%	8.59%	9.60%	7.51%	9.38%	6.82%	8.24%	10.09%	7.12%	9.80%	8.46%	7.70%	7.90%	8.96%	7.92%	7.09%	6.75%	9.69%	9.12%	8.43%	6.43%	10.00%	9.65%	9.21%	9.12%	6.92%	8.72%	7.42%	8.75%	8.13%	4.29%	8.23%	10.22%	6.66%	8.75%	3.84%	3.50%	5.45%	7.94%	6.96%	7.17%	8.82%	4.43%	7.46%	5.50%	4.28%	6.35%	6.63%	6.54%	7.17%	3.54%	6.30%	8.96%	6.59%	3.71%	9.60%					
19	. Малышкин Олег Александрович	968	7	11	5	21	15	11	8	13	9	15	19	27	27	21	17	18	17	12	24	15	26	11	19	20	20	9	10	16	9	20	18	16	20	14	20	19	21	12	16	13	9	20	12	27	28	22	14	19	6	9	8	15	15	6	11	14	18	26	10	3	17	7	9	2					
		1.23%	0.57%	0.77%	0.43%	1.43%	0.90%	0.88%	0.62%	1.01%	0.72%	1.25%	1.24%	2.03%	1.77%	1.75%	1.09%	1.21%	1.03%	0.82%	1.60%	1.10%	1.62%	0.76%	1.21%	1.34%	1.32%	0.79%	0.81%	1.10%	0.85%	1.33%	1.15%	1.14%	1.48%	1.14%	1.64%	1.37%	1.46%	1.15%	1.23%	0.94%	0.62%	1.26%	0.81%	1.59%	1.72%	1.54%	1.01%	1.72%	1.20%	1.42%	1.31%	1.58%	1.27%	1.51%	1.32%	1.47%	2.22%	2.33%	1.14%	0.59%	1.84%	2.71%	0.98%	0.66%					
20	. Миронов Сергей Михайлович	478	6	8	8	6	14	8	5	2	7	7	8	11	8	6	10	6	14	7	12	14	9	10	9	8	7	4	6	14	4	8	14	15	7	4	12	14	6	2	7	8	6	6	9	12	9	10	5	1	3	1	2	10	5	2	11	9	2	6	11	4	11	1	7	0					
		0.61%	0.49%	0.56%	0.69%	0.41%	0.84%	0.64%	0.39%	0.16%	0.56%	0.58%	0.52%	0.83%	0.52%	0.50%	0.64%	0.40%	0.85%	0.48%	0.80%	1.03%	0.56%	0.69%	0.57%	0.54%	0.46%	0.35%	0.49%	0.97%	0.38%	0.53%	0.89%	1.07%	0.52%	0.33%	0.99%	1.01%	0.42%	0.19%	0.54%	0.58%	0.41%	0.38%	0.61%	0.71%	0.55%	0.70%	0.36%	0.09%	0.60%	0.16%	0.33%	1.05%	0.42%	0.50%	1.32%	0.95%	0.25%	0.54%	1.26%	0.79%	1.19%	0.39%	0.76%	0.00%					
21	. Путин Владимир Владимирович	52221	763	828	726	1013	1136	811	832	826	790	785	937	896	986	803	951	965	1088	927	940	885	1122	924	1022	1033	973	754	776	963	730	948	986	912	909	786	817	929	930	654	925	879	908	1003	936	1291	1272	1028	924	754	360	430	460	673	813	294	605	608	537	774	642	340	605	170	746	188					
		66.36%	61.88%	58.27%	62.59%	68.96%	68.15%	64.83%	64.10%	64.33%	63.25%	65.47%	61.16%	67.32%	64.66%	66.75%	61.24%	64.94%	66.18%	63.06%	62.58%	64.93%	69.82%	64.17%	65.26%	69.10%	64.39%	66.43%	63.19%	66.51%	69.06%	63.20%	63.00%	65.10%	67.43%	63.95%	67.19%	66.93%	64.58%	62.52%	70.94%	63.47%	62.28%	63.04%	63.50%	76.26%	78.08%	71.89%	66.71%	68.17%	71.71%	67.72%	75.41%	70.69%	68.84%	74.06%	72.54%	64.00%	66.21%	69.42%	73.37%	66.93%	65.33%	65.89%	81.35%	62.25%					
22	. Хакамада Ирина Муцуовна	5319	107	142	91	84	124	92	100	112	95	82	118	62	117	73	128	94	145	127	127	138	85	101	113	99	135	65	88	93	68	101	93	85	77	84	69	98	100	122	113	121	122	131	122	81	64	53	58	52	22	30	33	54	75	11	38	32	43	60	38	25	49	10	40	8					
		6.76%	8.68%	9.99%	7.84%	5.72%	7.44%	7.35%	7.70%	8.72%	7.61%	6.84%	7.70%	4.66%	7.67%	6.07%	8.24%	6.33%	8.82%	8.64%	8.46%	10.12%	5.29%	7.01%	7.22%	6.62%	8.93%	5.73%	7.17%	6.42%	6.43%	6.73%	5.94%	6.07%	5.71%	6.83%	5.67%	7.06%	6.94%	11.66%	8.67%	8.74%	8.37%	8.23%	8.28%	4.78%	3.93%	3.71%	4.19%	4.70%	4.38%	4.72%	5.41%	5.67%	6.35%	2.77%	4.56%	3.37%	5.30%	5.38%	4.34%	4.92%	5.29%	3.88%	4.36%	2.65%					
23	. Харитонов Николай Михайлович	7932	153	183	132	142	149	147	139	134	162	140	200	146	117	139	195	153	122	144	147	90	132	152	174	141	168	126	148	147	119	156	192	141	125	167	111	117	147	61	72	135	152	203	159	107	79	133	152	116	48	64	58	78	133	36	80	107	67	96	87	75	117	28	35	57					
		10.08%	12.41%	12.88%	11.38%	9.67%	8.94%	11.75%	10.71%	10.44%	12.97%	11.68%	13.05%	10.97%	7.67%	11.55%	12.56%	10.30%	7.42%	9.80%	9.79%	6.60%	8.21%	10.56%	11.11%	9.43%	11.12%	11.10%	12.05%	10.15%	11.26%	10.40%	12.27%	10.06%	9.27%	13.59%	9.13%	8.43%	10.21%	5.83%	5.52%	9.75%	10.43%	12.76%	10.79%	6.32%	4.85%	9.30%	10.97%	10.49%	9.56%	10.08%	9.51%	8.19%	11.26%	9.07%	9.59%	11.26%	8.26%	8.61%	9.94%	14.76%	12.63%	10.85%	3.82%	18.87%					
																																																																							
24	Против всех	5118	84	108	77	85	102	66	69	72	80	66	91	75	111	61	124	94	128	102	107	107	96	110	95	88	99	59	71	89	53	109	94	91	83	84	77	97	102	104	110	102	105	113	97	102	109	90	108	78	24	45	19	46	70	25	33	101	81	60	48	24	41	21	39	17					
		6.50%	6.81%	7.60%	6.64%	5.79%	6.12%	5.28%	5.32%	5.61%	6.41%	5.50%	5.94%	5.63%	7.28%	5.07%	7.98%	6.33%	7.79%	6.94%	7.12%	7.85%	5.97%	7.64%	6.07%	5.89%	6.55%	5.20%	5.78%	6.15%	5.01%	7.27%	6.01%	6.50%	6.16%	6.83%	6.33%	6.99%	7.08%	9.94%	8.44%	7.36%	7.20%	7.10%	6.58%	6.02%	6.69%	6.29%	7.80%	7.05%	4.78%	7.09%	3.11%	4.83%	5.93%	6.30%	3.96%	10.63%	9.99%	5.38%	5.49%	4.72%	4.43%	8.14%	4.25%	5.63%					
																																																																							
																																																																							
																																																																							
																																																																							
																																																																							
																																																																							
																																																																							
																																																																							
																																																																							
																																																																							
																																																																							
																																																																							
																																																																							
																																																																							
																																																																							
